# d_l
0.000000000000000000e+00
8.667369191859116029e+01
1.760564122821196804e+02
2.680954001285326740e+02
3.627379428065625575e+02
4.599314584483508952e+02
5.596235748698946963e+02
6.617622046215485625e+02
7.662956159604314053e+02
8.731724995651576364e+02
9.823420308602522937e+02
1.093753927862455612e+03
1.207358504503261202e+03
1.323106719421296248e+03
1.440950220254029318e+03
1.560841383490873341e+03
1.682733349978679598e+03
1.806580056195978841e+03
1.932336261434227481e+03
2.059957571042582458e+03
2.189400455907871674e+03
2.320622268353203708e+03
2.453581254647649985e+03
2.588236564325581639e+03
2.724548256517934988e+03
2.862477303499144455e+03
3.001985591652853600e+03
3.143035920057298426e+03
3.285591996887302230e+03
3.429618433824791282e+03
3.575080738663499233e+03
3.721945306286461346e+03
3.870179408187131230e+03
4.019751180696750453e+03
4.170629612071875272e+03
4.322784528587167188e+03
4.476186579769562741e+03
4.630807222900995839e+03
4.786618706907892374e+03
4.943594055747022139e+03
5.101707051388698346e+03
5.260932216490167775e+03
5.421244796844055600e+03
5.582620743679165571e+03
5.745036695883794891e+03
5.908469962214799125e+03
6.072898503549276938e+03
6.238300915229679049e+03
6.404656409547519615e+03
6.571944798405550500e+03
6.740146476193413946e+03
6.909242402907276301e+03
7.079214087539755383e+03
7.250043571762573265e+03
7.421713413921001120e+03
7.594206673355821295e+03
7.767506895065623212e+03
7.941598094719755863e+03
8.116464744029693975e+03
8.292091756484494908e+03
8.468464473454154358e+03
8.645568650662864457e+03
8.823390445032611751e+03
9.001916401896407478e+03
9.181133442578886388e+03
9.361028852341354650e+03
9.541590268687161370e+03
9.722805670022582490e+03
9.904663364667758287e+03
1.008715198021164360e+04
1.027026045320430785e+04
1.045397801917973447e+04
1.063829420300182392e+04
1.082319880952598032e+04
1.100868191456862223e+04
1.119473385617673921e+04
1.138134522618937444e+04
1.156850686208320803e+04
1.175620983909397910e+04
1.194444546260580682e+04
1.213320526080042146e+04
1.232248097755829076e+04
1.251226456560388760e+04
1.270254817988730974e+04
1.289332417119462662e+04
1.308458507997955530e+04
1.327632363040907876e+04
1.346853272461580309e+04
1.366120543715017266e+04
1.385433500962559083e+04
1.404791484554982344e+04
1.424193850533628029e+04
1.443639970148873908e+04
1.463129229395346738e+04
1.482661028563287437e+04
1.502234781805476996e+04
1.521849916719177963e+04
1.541505873942548533e+04
1.561202106765002100e+04
1.580938080751012785e+04
