# d_v
0.000000000000000000e+00
8.484188656332432288e+01
1.687520527278976488e+02
2.517131572141756521e+02
3.337093540186614291e+02
4.147263010733517490e+02
4.947511606878147745e+02
5.737725922211359375e+02
6.517807374815035928e+02
7.287671993913445476e+02
8.047250144858589920e+02
8.796486198329643003e+02
9.535338149734932358e+02
1.026377719482792145e+03
1.098178726749284806e+03
1.168936454553115027e+03
1.238651693009424434e+03
1.307326350417156391e+03
1.374963397526427116e+03
1.441566810706255183e+03
1.507141514460791541e+03
1.571693323706745332e+03
1.635228886188328943e+03
1.697755625369286463e+03
1.759281684105013710e+03
1.819815869361973228e+03
1.879367598216809483e+03
1.937946845334334967e+03
1.995564092091896555e+03
2.052230277487976764e+03
2.107956750945222211e+03
2.162755227092542555e+03
2.216637742587599860e+03
2.269616615019826440e+03
2.321704403915053263e+03
2.372913873845913258e+03
2.423257959637219301e+03
2.472749733642487172e+03
2.521402375056546134e+03
2.569229141219600479e+03
2.616243340860118678e+03
2.662458309217344777e+03
2.707887384978939281e+03
2.752543888965186852e+03
2.796441104488144902e+03
2.839592259312020815e+03
2.882010509139796341e+03
2.923708922550587886e+03
2.964700467312316960e+03
3.004997997994928028e+03
3.044614244810459240e+03
3.083561803607808542e+03
3.121853126951811646e+03
3.159500516218341545e+03
3.196516114639422995e+03
3.232911901234774177e+03
3.268699685568753921e+03
3.303891103274324905e+03
3.338497612288314485e+03
3.372530489744949136e+03
3.406000829477332900e+03
3.438919540079208673e+03
3.471297343481943244e+03
3.503144774004269493e+03
3.534472177834783452e+03
3.565289712909658647e+03
3.595607349150317987e+03
3.625434869028112644e+03
3.654781868425158336e+03
3.683657757762588972e+03
3.712071763369406654e+03
3.740032929067001987e+03
3.767550117946201681e+03
3.794632014315335709e+03
3.821287125799444766e+03
3.847523785572238012e+03
3.873350154703788576e+03
3.898774224608317127e+03
3.923803819577637114e+03
3.948446599386997605e+03
3.972710061961161500e+03
3.996601546089560088e+03
4.020128234180334857e+03
4.043297155043944258e+03
4.066115186697848458e+03
4.088589059184554117e+03
4.110725357396012441e+03
4.132530523898019055e+03
4.154010861748881325e+03
4.175172537307206767e+03
4.196021583024135907e+03
4.216563900215908689e+03
4.236805261813025027e+03
4.256751315082716246e+03
4.276407584321821560e+03
4.295779473517493898e+03
4.314872268973505925e+03
4.333691141900189905e+03
4.352241150966360692e+03
4.370527244811774835e+03
