# h
7.100000000000001421e+01
7.157919115429564272e+01
7.217685281779284878e+01
7.279298420054395535e+01
7.342757061267481333e+01
7.408058407901259557e+01
7.475198397198413147e+01
7.544171765829507592e+01
7.614972115505258898e+01
7.687591979118698760e+01
7.762022887025233331e+01
7.838255433093806346e+01
7.916279340189738889e+01
7.996083524778626384e+01
8.077656160370412408e+01
8.160984739553062184e+01
8.246056134395487902e+01
8.332856655029044646e+01
8.421372106246136013e+01
8.511587841982166935e+01
8.603488817573808944e+01
8.697059639711478951e+01
8.792284614027353484e+01
8.889147790281690220e+01
8.987633005130021502e+01
9.087723922471511173e+01
9.189404071394734785e+01
9.292656881751241826e+01
9.397465717399528273e+01
9.503813907172681752e+01
9.611684773631918688e+01
9.721061659675676481e+01
9.831927953079978977e+01
9.944267109050579734e+01
1.005806267087086638e+02
1.017329828873203326e+02
1.028995773683360540e+02
1.040802492884298829e+02
1.052748393180270057e+02
1.064831897857323355e+02
1.077051447889809452e+02
1.089405502917602888e+02
1.101892542102309989e+02
1.114511064870483352e+02
1.127259591551606519e+02
1.140136663918302702e+02
1.153140845635918197e+02
1.166270722628318595e+02
1.179524903366406221e+02
1.192902019085543230e+02
1.206400723937730106e+02
1.220019695084084788e+02
1.233757632732827432e+02
1.247613260127677535e+02
1.261585323491264177e+02
1.275672591927857979e+02
1.289873857289442469e+02
1.304187934008884895e+02
1.318613658903692851e+02
1.333149890953600334e+02
1.347795511054990243e+02
1.362549421754944774e+02
1.377410546967472555e+02
1.392377831674313882e+02
1.407450241612475281e+02
1.422626762950517332e+02
1.437906401955428350e+02
1.453288184651761412e+02
1.468771156474577708e+02
1.484354381917591752e+02
1.500036944177794567e+02
1.515817944797707923e+02
1.531696503306321517e+02
1.547671756859647019e+02
1.563742859881754725e+02
1.579908983707042864e+02
1.596169316224427064e+02
1.612523061524066463e+02
1.628969439547157094e+02
1.645507685739273427e+02
1.662137050707686114e+02
1.678856799883012343e+02
1.695666213185527056e+02
1.712564584696404495e+02
1.729551222334125384e+02
1.746625447536252693e+02
1.763786594946730872e+02
1.781034012108846980e+02
1.798367059163965962e+02
1.815785108556102614e+02
1.833287544742404407e+02
1.850873763909584966e+02
1.868543173696307349e+02
1.886295192921536170e+02
1.904129251318850322e+02
1.922044789276671963e+02
1.940041257584388745e+02
1.958118117184324092e+02
1.976274838929486748e+02
1.994510903347042472e+02
