# rs_dv
inf
1.760161942873439633e+00
8.849401087354070716e-01
5.932763370143722126e-01
4.475015701297898607e-01
3.600819612931572822e-01
3.018395342069318255e-01
2.602694201761279191e-01
2.291191673865427270e-01
2.049151773228427564e-01
1.855732793217067800e-01
1.697671735319792596e-01
1.566126523730049236e-01
1.454975659113112441e-01
1.359846591933139004e-01
1.277532746187130253e-01
1.205629158973043763e-01
1.142296717592338612e-01
1.086104984023610193e-01
1.035924653517697192e-01
9.908522753669653238e-02
9.501564817883818848e-02
9.132388814292874413e-02
8.796051543511530790e-02
8.488433730629060814e-02
8.206075263136701492e-02
7.946048449065640229e-02
7.705859438295667441e-02
7.483370766298197418e-02
7.276739921854301352e-02
7.084370199881272201e-02
6.904871065372701622e-02
6.737025947957610283e-02
6.579765890947336660e-02
6.432147849593837508e-02
6.293336708774451005e-02
6.162590296936545226e-02
6.039246829494776536e-02
5.922714334200371300e-02
5.812461702791197476e-02
5.708011084368087851e-02
5.608931391464024724e-02
5.514832733396370090e-02
5.425361625985423292e-02
5.340196854160156326e-02
5.259045885922035424e-02
5.181641753793345129e-02
5.107740334151017469e-02
5.037117966445253670e-02
4.969569363770053733e-02
4.904905774016631026e-02
4.842953357234329459e-02
4.783551750110903722e-02
4.726552792873391778e-02
4.671819397568738319e-02
4.619224539742686209e-02
4.568650358103261422e-02
4.519987348917495901e-02
4.473133643717001201e-02
4.427994360436210419e-02
4.384481019423237119e-02
4.342511016885201164e-02
4.302007149289075599e-02
4.262897183061190032e-02
4.225113464635177341e-02
4.188592566506901815e-02
4.153274965480721614e-02
4.119104749746658328e-02
4.086029351823036032e-02
4.053999304742633009e-02
4.022968019159810921e-02
3.992891579317427858e-02
3.963728556041252321e-02
3.935439835130066094e-02
3.907988459685966115e-02
3.881339485084394497e-02
3.855459845420215748e-02
3.830318230386900447e-02
3.805884971652753052e-02
3.782131937892772855e-02
3.759032437718837910e-02
3.736561129825575339e-02
3.714693939735812245e-02
3.693407982588882421e-02
3.672681491467947451e-02
3.652493750809910483e-02
3.632825034483962157e-02
3.613656548162718501e-02
3.594970375644192251e-02
3.576749428813435355e-02
3.558977400960418314e-02
3.541638723195524724e-02
3.524718523726576291e-02
3.508202589781613673e-02
3.492077331979924482e-02
3.476329750970573451e-02
3.460947406172616703e-02
3.445918386464952993e-02
3.431231282686111189e-02
3.416875161815627338e-02
