# sigma_8
7.999999999999999334e-01
7.922959916652614343e-01
7.846318807212242508e-01
7.770116684789967199e-01
7.694390913645631214e-01
7.619176299855986434e-01
7.544505397661201984e-01
7.470408309189136009e-01
7.396912745465716865e-01
7.324044227889883185e-01
7.251826224058507409e-01
7.180279772737654387e-01
7.109424236060392088e-01
7.039276705526762434e-01
6.969852675883377868e-01
6.901165661402880458e-01
6.833227520017661760e-01
6.766048525283684389e-01
6.699637446710435817e-01
6.634001409763182755e-01
6.569146268877792405e-01
6.505076677398718976e-01
6.441795824768260514e-01
6.379305962521929496e-01
6.317608147679957264e-01
6.256702354031342672e-01
6.196587898317056364e-01
6.137262794783238107e-01
6.078724706298924696e-01
6.020970182407123783e-01
5.963995149400307394e-01
5.907795170922065520e-01
5.852364856368859058e-01
5.797698540988458493e-01
5.743789866249398024e-01
5.690632247688358625e-01
5.638218476566065895e-01
5.586541320029282387e-01
5.535592791957896219e-01
5.485364923350778410e-01
5.435849529431104887e-01
5.387038006003684876e-01
5.338921629811803626e-01
5.291491591707759845e-01
5.244738957395169709e-01
5.198654459104822267e-01
5.153229048321168460e-01
5.108453426603902781e-01
5.064318325385526176e-01
5.020814331314304990e-01
4.977932156494530025e-01
4.935662439338068253e-01
4.893995792856839500e-01
4.852922988799236448e-01
4.812434632421687675e-01
4.772521606422152618e-01
4.733174680603063345e-01
4.694384761565227882e-01
4.656142802127796188e-01
4.618439926165605613e-01
4.581267117055297655e-01
4.544615784517305190e-01
4.508477126772170718e-01
4.472842584828456425e-01
4.437703740156087595e-01
4.403052177667368672e-01
4.368879667572923009e-01
4.335178121173208776e-01
4.301939376729294606e-01
4.269155688876991595e-01
4.236819204194830490e-01
4.204922243731285536e-01
4.173457271736192298e-01
4.142416908835371836e-01
4.111793733012599206e-01
4.081580677255430278e-01
4.051770675136351918e-01
4.022356673984411324e-01
3.993331963989006916e-01
3.964689762796351769e-01
3.936423533314988288e-01
3.908526806024120170e-01
3.880993185630594589e-01
3.853816509719281136e-01
3.826990570329339980e-01
3.800509408112935361e-01
3.774367100940928532e-01
3.748557841203323249e-01
3.723075993511456572e-01
3.697915930298282250e-01
3.673072276703814865e-01
3.648539538392501225e-01
3.624312520224960421e-01
3.600386089039700477e-01
3.576755082492099613e-01
3.553414609208982999e-01
3.530359769314629914e-01
3.507585800311428526e-01
3.485087988093845679e-01
3.462861751877319705e-01
