# firecrown_theory
1.056130822066912970e+03
2.060704952927847444e+03
1.325067116042718681e+03
4.307828720844543113e+02
2.608210599480383280e+03
8.251873808946369536e+03
1.005662441950541688e+04
7.411368118722101826e+03
2.257333561921236935e+02
7.057034134066257138e+02
8.933772110351409310e+02
7.340439110429587117e+02
8.124840108543484263e+00
2.000554749174141733e+01
1.899446695078070846e+01
1.154845274767390606e+01
1.469855846497065133e-01
2.682003973268026198e-01
1.753810709988972427e-01
7.037807233607215607e-02
