# firecrown_data
5.250000000000000000e+02
2.323000000000000000e+03
3.966000000000000000e+03
3.937000000000000000e+03
2.270000000000000000e+02
1.001000000000000000e+03
1.653000000000000000e+03
2.544000000000000000e+03
1.060000000000000000e+02
3.210000000000000000e+02
4.210000000000000000e+02
5.590000000000000000e+02
3.100000000000000000e+01
6.300000000000000000e+01
6.600000000000000000e+01
8.000000000000000000e+01
2.000000000000000000e+00
8.000000000000000000e+00
1.000000000000000000e+01
7.000000000000000000e+00
