# k_h
1.017820068227592517e-05
1.033639283974013888e-05
1.049704365954204065e-05
1.066019135483072142e-05
1.082587473267356336e-05
1.099413320328725065e-05
1.116500678941188819e-05
1.133853613583117252e-05
1.151476251904016836e-05
1.169372785706371646e-05
1.187547471942705489e-05
1.206004633728179304e-05
1.224748661368889326e-05
1.243784013406183664e-05
1.263115217677175165e-05
1.282746872391761085e-05
1.302683647226382504e-05
1.322930284434756246e-05
1.343491599975911687e-05
1.364372484659714557e-05
1.385577905310240258e-05
1.407112905947183071e-05
1.428982608985672221e-05
1.451192216454691505e-05
1.473747011234480417e-05
1.496652358313120909e-05
1.519913706062703145e-05
1.543536587535278122e-05
1.567526621778985254e-05
1.591889515174633942e-05
1.616631062793027958e-05
1.641757149773433817e-05
1.667273752723420961e-05
1.693186941140511017e-05
1.719502878855871600e-05
1.746227825500499165e-05
1.773368137994136916e-05
1.800930272057390570e-05
1.828920783747288293e-05
1.857346331016748321e-05
1.886213675298279848e-05
1.915529683112263793e-05
1.945301327700284404e-05
1.975535690683787138e-05
2.006239963748576136e-05
2.037421450355431137e-05
2.069087567477374091e-05
2.101245847363873104e-05
2.133903939332529561e-05
2.167069611588548261e-05
2.200750753072552670e-05
2.234955375337049530e-05
2.269691614452129671e-05
2.304967732940719751e-05
2.340792121743958231e-05
2.377173302217117044e-05
2.414119928156497905e-05
2.451640787857903639e-05
2.489744806207022318e-05
2.528441046802382193e-05
2.567738714111222323e-05
2.607647155658948736e-05
2.648175864252540012e-05
2.689334480238591771e-05
2.731132793796377839e-05
2.773580747266601995e-05
2.816688437516348182e-05
2.860466118340727570e-05
2.904924202901938726e-05
2.950073266206146451e-05
2.995924047618946697e-05
3.042487453419835311e-05
3.089774559396474122e-05
3.137796613479181261e-05
3.186565038416464300e-05
3.236091434492036989e-05
3.286387582284171389e-05
3.337465445467825161e-05
3.389337173660431708e-05
3.442015105311815323e-05
3.495511770639095968e-05
3.549839894607202391e-05
3.605012399955642710e-05
3.661042410272427643e-05
3.717943253115643735e-05
3.775728463183673387e-05
3.834411785534557024e-05
3.894007178855518587e-05
3.954528818783182220e-05
4.015991101275516922e-05
4.078408646036070913e-05
4.141796299991504021e-05
4.206169140823174329e-05
4.271542480553526495e-05
4.337931869188345622e-05
4.405353098415487221e-05
4.473822205361231838e-05
4.543355476404876248e-05
4.613969451052763327e-05
4.685680925872367229e-05
4.758506958487683421e-05
4.832464871636563266e-05
4.907572257291212172e-05
4.983846980842714639e-05
5.061307185350562640e-05
5.139971295858226143e-05
5.219858023775837788e-05
5.300986371331010852e-05
5.383375636088720220e-05
5.467045415541598222e-05
5.552015611771395466e-05
5.638306436183075084e-05
5.725938414312297303e-05
5.814932390707811541e-05
5.905309533889546150e-05
5.997091341383941455e-05
6.090299644837370431e-05
6.184956615209151335e-05
6.281084768045267668e-05
6.378706968833941341e-05
6.477846438444616220e-05
6.578526758651286499e-05
6.680771877741863304e-05
6.784606116214529528e-05
6.890054172562823083e-05
6.997141129150432444e-05
7.105892458177517836e-05
7.216334027739537910e-05
7.328492107980407420e-05
7.442393377341259856e-05
7.558064928906278691e-05
7.675534276847149017e-05
7.794829362967745025e-05
7.915978563350531915e-05
8.039010695106130991e-05
8.163955023228021207e-05
8.290841267553504708e-05
8.419699609833148171e-05
8.550560700909816641e-05
8.683455668009559098e-05
8.818416122145538349e-05
8.955474165637314625e-05
9.094662399746725624e-05
9.236013932432627640e-05
9.379562386226166100e-05
9.525341906228253295e-05
9.673387168231633139e-05
9.823733386968874662e-05
9.976416324488861069e-05
1.013147229866317707e-04
1.028893819182494777e-04
1.044885145954179876e-04
1.061125013952521161e-04
1.077617286067836445e-04
1.094365885228456512e-04
1.111374795333852395e-04
1.128648062202263711e-04
1.146189794533056711e-04
1.164004164884033054e-04
1.182095410663946294e-04
1.200467835140414300e-04
1.219125808463533228e-04
1.238073768705362455e-04
1.257316222915604508e-04
1.276857748193654550e-04
1.296702992777343732e-04
1.316856677148584313e-04
1.337323595156207645e-04
1.358108615156249414e-04
1.379216681169961043e-04
1.400652814059818855e-04
1.422422112723801223e-04
1.444529755308253285e-04
1.466981000439562300e-04
1.489781188475022833e-04
1.512935742773094795e-04
1.536450170983453059e-04
1.560330066357039510e-04
1.584581109076516265e-04
1.609209067607373484e-04
1.634219800070043326e-04
1.659619255633341245e-04
1.685413475929562334e-04
1.711608596491572866e-04
1.738210848212229094e-04
1.765226558826504929e-04
1.792662154416610129e-04
1.820524160940556523e-04
1.848819205784423274e-04
1.877554019338808253e-04
1.906735436599719762e-04
1.936370398794404104e-04
1.966465955032406054e-04
1.997029263982305679e-04
2.028067595574512872e-04
2.059588332730525641e-04
2.091598973119069280e-04
2.124107130939514897e-04
2.157120538733052690e-04
2.190647049221957450e-04
2.224694637177507901e-04
2.259271401316867791e-04
2.294385566229520433e-04
2.330045484333573291e-04
2.366259637862527560e-04
2.403036640882891945e-04
2.440385241343164034e-04
2.478314323154660382e-04
2.516832908304683734e-04
2.555950159002537241e-04
2.595675379858876537e-04
2.636018020098978101e-04
2.676987675810335349e-04
2.718594092225270131e-04
2.760847166038936915e-04
2.803756947763440667e-04
2.847333644118456015e-04
2.891587620459074677e-04
2.936529403241344618e-04
2.982169682526144986e-04
3.028519314521969799e-04
3.075589324167241653e-04
3.123390907752752283e-04
3.171935435584852876e-04
3.221234454690079870e-04
3.271299691561737753e-04
3.322143054949267742e-04
3.373776638690867977e-04
3.426212724590240225e-04
3.479463785337947690e-04
3.533542487478264328e-04
3.588461694422081616e-04
3.644234469506659889e-04
3.700874079102936596e-04
3.758393995771127619e-04
3.816807901465374105e-04
3.876129690788176953e-04
3.936373474295476005e-04
3.997553581852991396e-04
4.059684566044856530e-04
4.122781205635102104e-04
4.186858509083047752e-04
4.251931718113261048e-04
4.318016311341030364e-04
4.385128007954179922e-04
4.453282771452108497e-04
4.522496813442941350e-04
4.592786597499699092e-04
4.664168843076403398e-04
4.736660529485020566e-04
4.810278899934291880e-04
4.885041465631210795e-04
4.960966009946400287e-04
5.038070592644067463e-04
5.116373554177844037e-04
5.195893520053305797e-04
5.276649405258323003e-04
5.358660418762269551e-04
5.441946068085158844e-04
5.526526163937791648e-04
5.612420824934020742e-04
5.699650482376269686e-04
5.788235885115382328e-04
5.878198104486107326e-04
5.969558539319138202e-04
6.062338921031227863e-04
6.156561318794237384e-04
6.252248144784677050e-04
6.349422159514742526e-04
6.448106477246239379e-04
6.548324571488648186e-04
6.650100280582645377e-04
6.753457813370398197e-04
6.858421754953995548e-04
6.965017072543376467e-04
7.073269121395119085e-04
7.183203650843627457e-04
7.294846810425888303e-04
7.408225156101635360e-04
7.523365656569960033e-04
7.640295699684294950e-04
7.759043098966981501e-04
7.879636100225122447e-04
8.002103388269270028e-04
8.126474093736521650e-04
8.252777800019679829e-04
8.381044550304050629e-04
8.511304854713750865e-04
8.643589697568857628e-04
8.777930544755622750e-04
8.914359351210952419e-04
9.052908568523497079e-04
9.193611152652607105e-04
9.336500571767485318e-04
9.481610814208037922e-04
9.628976396569505561e-04
9.778632371912742566e-04
9.930614338102101372e-04
1.008495844627291162e-03
1.024170140943051312e-03
1.040088051118307280e-03
1.056253361460995736e-03
1.072669917126802073e-03
1.089341623033792707e-03
1.106272444791252599e-03
1.123466409642964780e-03
1.140927607425148938e-03
1.158660191539288929e-03
1.176668379940080120e-03
1.194956456138731660e-03
1.213528770221862377e-03
1.232389739886232327e-03
1.251543851489557175e-03
1.270995661117653268e-03
1.290749795668171647e-03
1.310810953951166685e-03
1.331183907806786446e-03
1.351873503240317870e-03
1.372884661574882764e-03
1.394222380622045249e-03
1.415891735870615379e-03
1.437897881693928417e-03
1.460246052575886900e-03
1.482941564356060572e-03
1.505989815494135657e-03
1.529396288354018538e-03
1.553166550507895267e-03
1.577306256060562184e-03
1.601821146994330787e-03
1.626717054534852292e-03
1.651999900538153945e-03
1.677675698899239263e-03
1.703750556982582638e-03
1.730230677074854652e-03
1.757122357860226546e-03
1.784431995918604914e-03
1.812166087247151598e-03
1.840331228805451753e-03
1.868934120084697224e-03
1.897981564701258818e-03
1.927480472015027403e-03
1.957437858772899386e-03
1.987860850777823339e-03
2.018756684583769903e-03
2.050132709217052790e-03
2.081996387924403124e-03
2.114355299948212155e-03
2.147217142329363448e-03
2.180589731738088663e-03
2.214481006333275832e-03
2.248899027650676837e-03
2.283851982520462062e-03
2.319348185014579334e-03
2.355396078424369915e-03
2.392004237268940264e-03
2.429181369334730209e-03
2.466936317746788818e-03
2.505278063072240245e-03
2.544215725456444328e-03
2.583758566792355906e-03
2.623915992923602381e-03
2.664697555881800385e-03
2.706112956158646717e-03
2.748172045013322611e-03
2.790884826815759508e-03
2.834261461426327948e-03
2.878312266612497328e-03
2.923047720503085811e-03
2.968478464080623845e-03
3.014615303712472275e-03
3.061469213721273574e-03
3.109051338995355920e-03
3.157372997639707260e-03
3.206445683668153381e-03
3.256281069737375789e-03
3.306891009923425533e-03
3.358287542541387848e-03
3.410482893008871981e-03
3.463489476754008384e-03
3.517319902168627218e-03
3.571986973607369290e-03
3.627503694433375191e-03
3.683883270111329346e-03
3.741139111348572386e-03
3.799284837285035570e-03
3.858334278732751445e-03
3.918301481465714421e-03
3.979200709560874911e-03
4.041046448791058530e-03
4.103853410070620010e-03
4.167636532954647165e-03
4.232410989192559279e-03
4.298192186336911337e-03
4.364995771408332163e-03
4.432837634617379716e-03
4.501733913144266748e-03
4.571700994977322477e-03
4.642755522811114859e-03
4.714914398005163286e-03
4.788194784604171521e-03
4.862614113420746231e-03
4.938190086181572583e-03
5.014940679738027866e-03
5.092884150342240172e-03
5.172039037989610392e-03
5.252424170828796750e-03
5.334058669640303306e-03
5.416961952384611798e-03
5.501153738821033812e-03
5.586654055198345820e-03
5.673483239018323361e-03
5.761661943873316698e-03
5.851211144359005911e-03
5.942152141063520264e-03
6.034506565634089291e-03
6.128296385922451205e-03
6.223543911210228582e-03
6.320271797515518604e-03
6.418503052981938163e-03
6.518261043351483014e-03
6.619569497522389233e-03
6.722452513193400390e-03
6.826934562595763159e-03
6.933040498314300970e-03
7.040795559198970849e-03
7.150225376368286867e-03
7.261355979306060443e-03
7.374213802052895575e-03
7.488825689493908318e-03
7.605218903744185785e-03
7.723421130633447915e-03
7.843460486291574732e-03
7.965365523836406836e-03
8.089165240165532150e-03
8.214889082853615854e-03
8.342566957156950097e-03
8.472229233126843742e-03
8.603906752833592048e-03
8.737630837702708986e-03
8.873433295965189871e-03
9.011346430223566781e-03
9.151403045135548739e-03
9.293636455217108017e-03
9.438080492766780238e-03
9.584769515913228732e-03
9.733738416787797443e-03
9.885022629824118459e-03
1.003865814018671011e-02
1.019468149233057966e-02
1.035312979869385322e-02
1.051404074852551641e-02
1.067745261685034905e-02
1.084340427357319975e-02
1.101193519272477064e-02
1.118308546185107881e-02
1.135689579154889293e-02
1.153340752514928763e-02
1.171266264855183072e-02
1.189470380021150596e-02
1.207957428128089185e-02
1.226731806590998682e-02
1.245797981170609567e-02
1.265160487035630471e-02
1.284823929841503141e-02
1.304792986825926288e-02
1.325072407921404002e-02
1.345667016885087816e-02
1.366581712446176926e-02
1.387821469471154159e-02
1.409391340147126206e-02
1.431296455183567184e-02
1.453542025032728870e-02
1.476133341129023079e-02
1.499075777147667633e-02
1.522374790282893936e-02
1.546035922546019209e-02
1.570064802083696517e-02
1.594467144516650836e-02
1.619248754299223297e-02
1.644415526100045932e-02
1.669973446204176329e-02
1.695928593937016601e-02
1.722287143110379920e-02
1.749055363491014425e-02
1.776239622291962694e-02
1.803846385687095030e-02
1.831882220349183646e-02
1.860353795011882375e-02
1.889267882055982450e-02
1.918631359120322524e-02
1.948451210737735598e-02
1.978734529996421798e-02
2.009488520227144248e-02
2.040720496716648749e-02
2.072437888447702797e-02
2.104648239866200102e-02
2.137359212675710510e-02
2.170578587659929837e-02
2.204314266533452180e-02
2.238574273821309149e-02
2.273366758767721846e-02
2.308699997274515914e-02
2.344582393869665965e-02
2.381022483706437751e-02
2.418028934593597148e-02
2.455610549057175504e-02
2.493776266434283989e-02
2.532535164999452637e-02
2.571896464124048126e-02
2.611869526469224809e-02
2.652463860212974506e-02
2.693689121311785076e-02
2.735555115797450726e-02
2.778071802109580851e-02
2.821249293464360083e-02
2.865097860260125764e-02
2.909627932520331139e-02
2.954850102374480258e-02
3.000775126577620230e-02
3.047413929068996594e-02
3.094777603570459876e-02
3.142877416225287046e-02
3.191724808277986852e-02
3.241331398795772867e-02
3.291708987432324929e-02
3.342869557234509625e-02
3.394825277492727333e-02
3.447588506635552302e-02
3.501171795169367301e-02
3.555587888663685331e-02
3.610849730782868944e-02
3.666970466364970205e-02
3.723963444548430285e-02
3.781842221947345761e-02
3.840620565876135678e-02
3.900312457624283136e-02
3.960932095781989626e-02
4.022493899617522739e-02
4.085012512507045501e-02
4.148502805417762090e-02
4.212979880445190395e-02
4.278459074405421836e-02
4.344955962483201817e-02
4.412486361936720364e-02
4.481066335859974770e-02
4.550712197003620174e-02
4.621440511655173361e-02
4.693268103579576606e-02
4.766212058020958403e-02
4.840289725766613177e-02
4.915518727274138105e-02
4.991916956862720717e-02
5.069502586969561186e-02
5.148294072472453520e-02
5.228310155079548410e-02
5.309569867787344161e-02
5.392092539407961072e-02
5.475897799166790786e-02
5.561005581371569750e-02
5.647436130154080691e-02
5.735210004285495183e-02
5.824348082066579252e-02
5.914871566293909005e-02
6.006801989303260647e-02
6.100161218091395415e-02
6.194971459517441964e-02
6.291255265585125878e-02
6.389035538807090464e-02
6.488335537652599461e-02
6.589178882079899102e-02
6.691589559154578759e-02
6.795591928755223554e-02
6.901210729367801555e-02
7.008471083970052584e-02
7.117398506007362180e-02
7.228018905461504329e-02
7.340358595013717069e-02
7.454444296303551487e-02
7.570303146285009555e-02
7.687962703681462673e-02
7.807450955540901072e-02
7.928796323893058662e-02
8.052027672510014833e-02
8.177174313771864989e-02
8.304266015639073795e-02
8.433333008733263914e-02
8.564405993527986205e-02
8.697516147651278284e-02
8.832695133301719792e-02
8.969975104779755182e-02
9.109388716136060382e-02
9.250969128938786590e-02
9.394750020161529713e-02
9.540765590193882317e-02
9.689050570976508181e-02
9.839640234262632401e-02
9.992570400007962095e-02
1.014787744489094035e-01
1.030559831096552609e-01
1.046577051444841644e-01
1.062843215464271268e-01
1.079362192300056950e-01
1.096137911232636375e-01
1.113174362612312784e-01
1.130475598808425575e-01
1.148045735173249121e-01
1.165888951020908615e-01
1.184009490621471955e-01
1.202411664210530362e-01
1.221099849014432165e-01
1.240078490291489782e-01
1.259352102389328931e-01
1.278925269818713406e-01
1.298802648344016264e-01
1.318988966090684223e-01
1.339489024669870965e-01
1.360307700320580460e-01
1.381449945069558594e-01
1.402920787909186784e-01
1.424725335993723419e-01
1.446868775854092126e-01
1.469356374631598794e-01
1.492193481330772176e-01
1.515385528091729439e-01
1.538938031482263713e-01
1.562856593810067196e-01
1.587146904455294938e-01
1.611814741223894509e-01
1.636865971721917501e-01
1.662306554751226684e-01
1.688142541726892765e-01
1.714380078116590767e-01
1.741025404902413753e-01
1.768084860065356756e-01
1.795564880092924698e-01
1.823472001510117735e-01
1.851812862434268070e-01
1.880594204153982762e-01
1.909822872732689636e-01
1.939505820637042466e-01
1.969650108390697540e-01
2.000262906253734985e-01
2.031351495928223339e-01
2.062923272290289323e-01
2.094985745149069434e-01
2.127546541033062399e-01
2.160613405004174481e-01
2.194194202500032165e-01
2.228296921204855896e-01
2.262929672949483273e-01
2.298100695640850621e-01
2.333818355221536356e-01
2.370091147659685871e-01
2.406927700969939410e-01
2.444336777265699034e-01
2.482327274843338372e-01
2.520908230298808950e-01
2.560088820677091093e-01
2.599878365655129975e-01
2.640286329758613770e-01
2.681322324613294450e-01
2.722996111231208993e-01
2.765317602332522662e-01
2.808296864703371254e-01
2.851944121590437309e-01
2.896269755132654944e-01
2.941284308830797722e-01
2.986998490055365330e-01
3.033423172593505690e-01
3.080569399235521533e-01
3.128448384401519289e-01
3.177071516808969709e-01
3.226450362181633724e-01
3.276596666000686775e-01
3.327522356298505124e-01
3.379239546495972912e-01
3.431760538283784578e-01
3.485097824548636369e-01
3.539264092344786006e-01
3.594272225911911423e-01
3.650135309739765410e-01
3.706866631680535429e-01
3.764479686109574175e-01
3.822988177135183685e-01
3.882406021858398892e-01
3.942747353683310196e-01
4.004026525678965331e-01
4.066258113993391210e-01
4.129456921320811547e-01
4.193637980422615930e-01
4.258816557703190564e-01
4.325008156841186890e-01
4.392228522477369390e-01
4.460493643959644872e-01
4.529819759146391789e-01
4.600223358268899498e-01
4.671721187853745683e-01
4.744330254706277672e-01
4.818067829955855474e-01
4.892951453164118281e-01
4.968998936496948904e-01
5.046228368961436228e-01
5.124658120708531772e-01
5.204306847402738745e-01
5.285193494659562452e-01
5.367337302552034339e-01
5.450757810187278896e-01
5.535474860354098192e-01
5.621508604242956286e-01
5.708879506239148416e-01
5.797608348790646016e-01
5.887716237351409143e-01
5.979224605401726178e-01
6.072155219546384597e-01
6.166530184692270433e-01
6.262371949306249075e-01
6.359703310754960537e-01
6.458547420727418498e-01
6.558927790742014041e-01
6.660868297739115373e-01
6.764393189760460334e-01
6.869527091717004819e-01
6.976295011246218536e-01
7.084722344660624449e-01
7.194834882988569991e-01
7.306658818109118547e-01
7.420220748982049308e-01
7.535547687974936126e-01
7.652667067288303482e-01
7.771606745480910128e-01
7.892395014096198480e-01
8.015060604391901489e-01
8.139632694174243621e-01
8.266140914738192569e-01
8.394615357915828913e-01
8.525086583233995041e-01
8.657585625183464861e-01
8.792144000600808917e-01
8.928793716165276395e-01
9.067567276011914146e-01
9.208497689463289726e-01
9.351618478881099650e-01
9.496963687640099794e-01
9.644567888225693553e-01
9.794466190457549182e-01
9.946694249841058211e-01
1.010128827604836799e+00
1.025828504153155185e+00
1.041772189026930473e+00
1.057963674664992748e+00
1.074406812449202331e+00
1.091105513620574952e+00
1.108063750209610010e+00
1.125285555981113905e+00
1.142775027393672094e+00
1.160536324574069855e+00
1.178573672306823417e+00
1.196891361039113422e+00
1.215493747901337906e+00
1.234385257743503272e+00
1.253570384187757902e+00
1.273053690697247387e+00
1.292839811661620653e+00
1.312933453499366188e+00
1.333339395777325187e+00
1.354062492347558155e+00
1.375107672501928446e+00
1.396479942144582154e+00
1.418184384982700053e+00
1.440226163735710996e+00
1.462610521363328697e+00
1.485342782312676135e+00
1.508428353784761367e+00
1.531872727020684222e+00
1.555681478607783941e+00
1.579860271806136751e+00
1.604414857895619440e+00
1.629351077543962578e+00
1.654674862196010565e+00
1.680392235484631458e+00
1.706509314663497534e+00
1.733032312062191993e+00
1.759967536563877610e+00
1.787321395105967436e+00
1.815100394204120171e+00
1.843311141499883732e+00
1.871960347332449759e+00
1.901054826334775738e+00
1.930601499054575898e+00
1.960607393600443116e+00
1.991079647313619860e+00
2.022025508465686627e+00
2.053452337982702769e+00
2.085367611196075277e+00
2.117778919620712408e+00
2.150693972760745254e+00
2.184120599943358609e+00
2.218066752181124368e+00
2.252540504063236249e+00
2.287550055676204508e+00
2.323103734554329503e+00
2.359209997660565161e+00
2.395877433398093004e+00
2.433114763653239532e+00
2.470930845870063397e+00
2.509334675157270489e+00
2.548335386427788674e+00
2.587942256571684307e+00
2.628164706662767802e+00
2.669012304199551711e+00
2.710494765381035176e+00
2.752621957417805465e+00
2.795403900879144032e+00
2.838850772076520368e+00
2.882972905484221027e+00
2.927780796197511748e+00
2.973285102429092941e+00
3.019496648044267761e+00
3.066426425135602596e+00
3.114085596637509390e+00
3.162485498981561172e+00
3.211637644792987079e+00
3.261553725629134703e+00
3.312245614760499723e+00
3.363725369994909453e+00
3.416005236545705426e+00
3.469097649944387296e+00
3.523015238998646659e+00
3.577770828796253078e+00
3.633377443755749781e+00
3.689848310724441749e+00
3.747196862124654082e+00
3.805436739148772674e+00
3.864581795004058851e+00
3.924646098207786871e+00
3.985643935933667059e+00
4.047589817410285562e+00
4.110498477372279247e+00
4.174384879565272932e+00
4.239264220305160258e+00
4.305151932092835310e+00
4.372063687284973632e+00
4.440015401821996832e+00
4.509023239013846052e+00
4.579103613384728710e+00
4.650273194577494884e+00
4.722548911318778408e+00
4.795947955445773125e+00
4.870487785995498697e+00
4.946186133357759473e+00
5.023061003492504284e+00
5.101130682212884793e+00
5.180413739534721174e+00
5.260929034093739354e+00
5.342695717631285923e+00
5.425733239549935583e+00
5.510061351539731866e+00
5.595700112276500882e+00
5.682669892193024985e+00
5.770991378324482390e+00
5.860685579229192754e+00
5.951773829985733677e+00
6.044277797267890939e+00
6.138219484498301348e+00
6.233621237082386912e+00
6.330505747723432997e+00
6.428896061820486452e+00
6.528815582949933471e+00
6.630288078432492682e+00
6.733337684986508087e+00
6.837988914469333324e+00
6.944266659707737155e+00
7.052196200419071026e+00
7.161803209224458122e+00
7.273113757755306885e+00
7.386154322854941334e+00
7.500951792876393576e+00
7.617533474078304501e+00
7.735927097120004703e+00
7.856160823657771353e+00
7.978263253043373915e+00
8.102263429126969285e+00
8.228190847165478772e+00
8.356075460838603419e+00
8.485947689373622538e+00
8.617838424781103512e+00
8.751779039203070099e+00
8.887801392375207499e+00
9.025937839205303348e+00
9.166221237469200034e+00
9.308684955626631563e+00
9.453362880758263032e+00
9.600289426626375189e+00
9.749499541860524587e+00
9.901028718270751483e+00
1.005491299928965709e+01
1.021118898854603252e+01
1.036989385857141954e+01
1.053106535964220392e+01
1.069474182875913115e+01
1.086096219876618463e+01
1.102976600761149228e+01
1.120119340775183936e+01
1.137528517570369324e+01
1.155208272174231432e+01
1.173162809975197973e+01
1.191396401722892939e+01
1.209913384544015891e+01
1.228718162973971317e+01
1.247815210004572073e+01
1.267209068147988482e+01
1.286904350517258244e+01
1.306905741923591258e+01
1.327217999990702069e+01
1.347845956286501767e+01
1.368794517472335137e+01
1.390068666470124192e+01
1.411673463647606219e+01
1.433614048022039711e+01
1.455895638482571819e+01
1.478523535031649949e+01
1.501503120045682138e+01
1.524839859555337718e+01
1.548539304545701967e+01
1.572607092276667373e+01
1.597048947623848392e+01
1.621870684440305155e+01
1.647078206939478306e+01
1.672677511099567482e+01
1.698674686089788111e+01
1.725075915718743147e+01
1.751887479905359157e+01
1.779115756172630114e+01
1.806767221164632176e+01
1.834848452187059209e+01
1.863366128771761510e+01
1.892327034265543872e+01
1.921738057443694103e+01
1.951606194148591911e+01
1.981938548953745283e+01
2.012742336853747460e+01
2.044024884980438017e+01
2.075793634345801308e+01
2.108056141611886503e+01
2.140820080888302712e+01
2.174093245557586940e+01
2.207883550129005812e+01
2.242199032121104452e+01
2.277047853973582647e+01
2.312438304988819482e+01
2.348378803303618056e+01
2.384877897891597698e+01
2.421944270596657844e+01
2.459586738198122191e+01
2.497814254507898113e+01
2.536635912500311818e+01
2.576060946474965618e+01
2.616098734253291624e+01
2.656758799409162819e+01
2.698050813534255354e+01
2.739984598538543636e+01
2.782570128986598235e+01
2.825817534470200343e+01
2.869737102017774433e+01
2.914339278541353906e+01
2.959634673321485820e+01
3.005634060530848828e+01
3.052348381797003896e+01
3.099788748805064742e+01
3.147966445940728875e+01
3.196892932974482449e+01
3.246579847787423034e+01
3.297039009139554366e+01
3.348282419481000716e+01
3.400322267806990340e+01
3.453170932557203798e+01
3.506840984560118812e+01
3.561345190023224916e+01
3.616696513569590365e+01
3.672908121321751196e+01
3.729993384033403458e+01
3.787965880269893404e+01
3.846839399638019330e+01
3.906627946066149093e+01
3.967345741135200399e+01
4.029007227461514162e+01
4.091627072132185816e+01
4.155220170193870644e+01
4.219801648195815602e+01
4.285386867787867970e+01
4.351991429374541553e+01
4.419631175825727354e+01
4.488322196245225371e+01
4.558080829797702194e+01
4.628923669595269530e+01
4.700867566644330253e+01
4.773929633853907717e+01
4.848127250106127661e+01
4.923478064390115350e+01
4.999999999999999289e+01
