# firecrown_theory
3.603949120604019072e+02
6.077069137263362109e+02
1.357136346836295502e+02
2.229346094529791742e+02
1.952672048712922503e+01
2.956456871539885611e+01
1.013739375697287315e+01
1.415624310603420355e+01
3.585128672549931250e+13
2.828353302032353125e+13
2.203003324870546875e+13
1.696026701931841797e+13
1.292568278540734375e+13
9.760309411743722656e+12
7.305098968872480469e+12
3.841038996549627344e+13
3.028119764949289844e+13
2.357047688197295703e+13
1.813508189277205469e+13
1.381321051995160742e+13
1.042507725370279102e+13
7.798937940456291016e+12
5.194557742786896094e+13
4.146929649283696094e+13
3.265851623060084766e+13
2.539975480654350000e+13
1.953838471032744531e+13
1.487907257063782812e+13
1.122226917006588672e+13
5.318127340186600781e+13
4.240703457330071875e+13
3.336089907378028906e+13
2.591985522150645312e+13
1.991989244511786719e+13
1.515662899434306836e+13
1.142266213204988086e+13
6.970740282448967969e+13
5.631157650685461719e+13
4.484067632174142969e+13
3.523331760259378906e+13
2.735854686712525000e+13
2.101373353459850000e+13
1.597335817213180664e+13
7.067449592410675000e+13
5.701257929785780469e+13
4.533844687558734375e+13
3.558001140564906250e+13
2.759582170893429297e+13
2.117342903832600391e+13
1.607904548603229688e+13
8.542346850477320312e+13
6.965808954385756250e+13
5.596175783001314844e+13
4.433652944894807031e+13
3.469090212568426172e+13
2.683284134131683594e+13
2.052765272685548438e+13
8.610949094062921875e+13
7.009526052786618750e+13
5.621957284781497656e+13
4.447123952601053906e+13
3.474574538675105469e+13
2.683919568268854688e+13
2.050718297597222656e+13
