# firecrown_data
3.120000000000000000e+02
6.530000000000000000e+02
1.390000000000000000e+02
2.880000000000000000e+02
2.100000000000000000e+01
3.200000000000000000e+01
7.000000000000000000e+00
2.200000000000000000e+01
3.413403156311912891e+13
2.737309646213585547e+13
1.919547331019528125e+13
1.483404253316195117e+13
1.201890424166584766e+13
8.281678283978165039e+12
7.585078562462989258e+12
2.579216063820295312e+13
2.243188792747455469e+13
1.635856517811870898e+13
1.253158981683547852e+13
1.144364392393901562e+13
8.388429777026863281e+12
6.365205295200977539e+12
4.470058624418900000e+13
3.656277613542387500e+13
2.582477433892909375e+13
1.922829585042108594e+13
1.733141988967808984e+13
1.297886049084509180e+13
9.953281976721205078e+12
3.360038792510348047e+13
2.961201997620178906e+13
2.427343827883470312e+13
1.874744304222592578e+13
1.553680466908241211e+13
1.020349756523585547e+13
7.755273198819645508e+12
6.481984305937170312e+13
5.518852638213349219e+13
4.429333619096259375e+13
3.393739663354987109e+13
2.478041146471564844e+13
1.676486658894568750e+13
1.005571975341635352e+13
4.012954388596714844e+13
3.510480424330000391e+13
2.687416227249119922e+13
1.895482172734823047e+13
1.688841112715588672e+13
1.424194885648170508e+13
9.394762077446140625e+12
6.429530326925176562e+13
5.479534667013897656e+13
4.276772212093776562e+13
3.644952824551847656e+13
3.353025326879256641e+13
2.078088319813529297e+13
1.897133159557939062e+13
5.421568245837785938e+13
5.605263243355851562e+13
4.394980748890829688e+13
3.002628512849357812e+13
2.229554687869997656e+13
1.081014815956990234e+13
1.054639596377160938e+13
