# k_h
1.017820068227592856e-05
1.116191106120822951e-05
1.225492269441019744e-05
1.346808858215808868e-05
1.481341587350470945e-05
1.630419501452706754e-05
1.795512980606872588e-05
1.978248474188148975e-05
2.180425326514523476e-05
2.404033148195594549e-05
2.651272006914950907e-05
2.924573527707252651e-05
3.226625631214119494e-05
3.560398909030482173e-05
3.929174636141397059e-05
4.336579513619653881e-05
4.786618592333979905e-05
5.283716745907440782e-05
5.832761962665244937e-05
6.439151184167712927e-05
7.108847785275429487e-05
7.848434324841946363e-05
8.665183122502639890e-05
9.567123925080522895e-05
1.056312394212000072e-04
1.166297588497400284e-04
1.287749182665720582e-04
1.421861379640176892e-04
1.569952728459611535e-04
1.733479002723470330e-04
1.914048043545335531e-04
2.113435039063915610e-04
2.333600423298776150e-04
2.576708793640136719e-04
2.845150011125952005e-04
3.141563211102038622e-04
3.468863142188638449e-04
3.830266941804438829e-04
4.229328478686511517e-04
4.669970658142119646e-04
5.156525876373052597e-04
5.693777347914874554e-04
6.287007709033787251e-04
6.942048785276710987e-04
7.665340672247111797e-04
8.463994599878787994e-04
9.345862781628966331e-04
1.031961524859070778e-03
1.139482483267784119e-03
1.258206320926547050e-03
1.389300217851996422e-03
1.534053124487400055e-03
1.693888101726770401e-03
1.870376523584127426e-03
2.065253676846623421e-03
2.280435292050242424e-03
2.518037334084510803e-03
2.780395327135920525e-03
3.070089034736156464e-03
3.389966208487749100e-03
3.743172157555818558e-03
4.133178852498531342e-03
4.563821479678153992e-03
5.039333365857601166e-03
5.564389284700155258e-03
6.144152022898197174e-03
6.784320808947086334e-03
7.491189986467361450e-03
8.271709084510803223e-03
9.133551269769668579e-03
1.008519157767295837e-02
1.113598328083753586e-02
1.229625940322875977e-02
1.357742678374052048e-02
1.499208062887191772e-02
1.655413024127483368e-02
1.827893033623695374e-02
2.018344216048717499e-02
2.228638716042041779e-02
2.460844255983829498e-02
2.717243507504463196e-02
3.000357560813426971e-02
3.312969580292701721e-02
3.658153116703033447e-02
4.039302095770835876e-02
4.443232342600822449e-02
4.847162589430809021e-02
5.251092836260795593e-02
5.655023083090782166e-02
6.058953329920768738e-02
6.462883949279785156e-02
6.866814196109771729e-02
7.270744442939758301e-02
7.674674689769744873e-02
8.078604191541671753e-02
8.482534438371658325e-02
8.984205871820449829e-02
9.485876560211181641e-02
9.987547248601913452e-02
1.048921793699264526e-01
1.099088862538337708e-01
1.149255931377410889e-01
1.199423000216484070e-01
1.249590069055557251e-01
1.299757212400436401e-01
1.349924206733703613e-01
1.400091350078582764e-01
1.450258344411849976e-01
1.500425487756729126e-01
1.550592482089996338e-01
1.600759625434875488e-01
1.650926619768142700e-01
1.701093763113021851e-01
1.751260757446289062e-01
1.801427900791168213e-01
1.851594895124435425e-01
1.901762038469314575e-01
1.951929032802581787e-01
2.002096176147460938e-01
2.052263319492340088e-01
2.102430313825607300e-01
2.152597457170486450e-01
2.202764451503753662e-01
2.252931594848632812e-01
2.303098589181900024e-01
2.353265732526779175e-01
2.403432726860046387e-01
2.453599870204925537e-01
2.503767013549804688e-01
2.553933858871459961e-01
2.604101002216339111e-01
2.654268145561218262e-01
2.704435288906097412e-01
2.754602432250976562e-01
2.804769277572631836e-01
2.854936420917510986e-01
2.905103564262390137e-01
2.955270707607269287e-01
3.005437552928924561e-01
3.055604696273803711e-01
3.105771839618682861e-01
3.155938982963562012e-01
3.206105828285217285e-01
3.256272971630096436e-01
3.306440114974975586e-01
3.356607258319854736e-01
3.406774103641510010e-01
3.456941246986389160e-01
3.507108390331268311e-01
3.557275533676147461e-01
3.607442677021026611e-01
3.657609522342681885e-01
3.707776665687561035e-01
3.757943809032440186e-01
3.808110952377319336e-01
3.858277797698974609e-01
3.908444941043853760e-01
3.958612084388732910e-01
4.008779227733612061e-01
4.058946073055267334e-01
4.109113216400146484e-01
4.159280359745025635e-01
4.209447503089904785e-01
4.259614646434783936e-01
4.309781491756439209e-01
4.359948635101318359e-01
4.410115778446197510e-01
4.460282921791076660e-01
4.510449767112731934e-01
4.560616910457611084e-01
4.610784053802490234e-01
4.660951197147369385e-01
4.711118042469024658e-01
4.761285185813903809e-01
4.811452329158782959e-01
4.861619472503662109e-01
4.911786317825317383e-01
4.961953461170196533e-01
5.012120604515075684e-01
5.062287449836730957e-01
5.112454891204833984e-01
5.162621736526489258e-01
5.212789177894592285e-01
5.262956023216247559e-01
5.313122868537902832e-01
5.363290309906005859e-01
5.413457155227661133e-01
5.463624000549316406e-01
5.513791441917419434e-01
5.563958287239074707e-01
5.614125728607177734e-01
5.664292573928833008e-01
5.714459419250488281e-01
5.764626860618591309e-01
5.814793705940246582e-01
5.864961147308349609e-01
5.915127992630004883e-01
5.965294837951660156e-01
6.015462279319763184e-01
6.065629124641418457e-01
6.115795969963073730e-01
7.606220245361328125e-01
9.458512067794799805e-01
1.176187992095947266e+00
1.462617039680480957e+00
1.818798303604125977e+00
2.261718034744262695e+00
2.812498807907104492e+00
3.497407674789428711e+00
4.349107742309570312e+00
5.408216476440429688e+00
6.725242614746093750e+00
8.362996101379394531e+00
1.039958000183105469e+01
1.293211841583251953e+01
1.608139038085937500e+01
1.999758338928222656e+01
2.486745834350585938e+01
3.092326354980468750e+01
3.845379638671875000e+01
4.781818771362304688e+01
5.946302795410156250e+01
7.394365692138671875e+01
