# t_k
1.560238400000000000e+07
1.511574300000000000e+07
1.470646400000000000e+07
1.436371400000000000e+07
1.407770600000000000e+07
1.383975600000000000e+07
1.364228000000000000e+07
1.347872900000000000e+07
1.334350700000000000e+07
1.323186100000000000e+07
1.313978700000000000e+07
1.306392300000000000e+07
1.300146300000000000e+07
1.295006500000000000e+07
1.290779100000000000e+07
1.287302800000000000e+07
1.284444500000000000e+07
1.282094200000000000e+07
1.280160700000000000e+07
1.278569200000000000e+07
1.277257600000000000e+07
1.276174900000000000e+07
1.275278700000000000e+07
1.274533800000000000e+07
1.273911300000000000e+07
1.273386400000000000e+07
1.272938800000000000e+07
1.272551000000000000e+07
1.272207500000000000e+07
1.271895200000000000e+07
1.271601600000000000e+07
1.271315700000000000e+07
1.271026400000000000e+07
1.270722500000000000e+07
1.270393000000000000e+07
1.270025800000000000e+07
1.269607700000000000e+07
1.269124300000000000e+07
1.268559400000000000e+07
1.267894700000000000e+07
1.267109800000000000e+07
1.266182000000000000e+07
1.265085600000000000e+07
1.263792900000000000e+07
1.262273400000000000e+07
1.260493900000000000e+07
1.258419000000000000e+07
1.256010300000000000e+07
1.253226500000000000e+07
1.250022200000000000e+07
1.246347000000000000e+07
1.242145300000000000e+07
1.237356100000000000e+07
1.231913600000000000e+07
1.225747200000000000e+07
1.218781900000000000e+07
1.210938600000000000e+07
1.202135600000000000e+07
1.192288400000000000e+07
1.181310900000000000e+07
1.169114800000000000e+07
1.155609500000000000e+07
1.140703800000000000e+07
1.124307100000000000e+07
1.106331000000000000e+07
1.086687000000000000e+07
1.065286300000000000e+07
1.042042700000000000e+07
1.016870900000000000e+07
9.896870000000000000e+06
9.604097000000000000e+06
9.289603000000000000e+06
8.952703000000000000e+06
8.592840000000000000e+06
8.209730000000000000e+06
7.803499500000000000e+06
7.374945500000000000e+06
6.925838500000000000e+06
6.459326500000000000e+06
5.980367500000000000e+06
5.496136000000000000e+06
5.016243500000000000e+06
4.552545500000000000e+06
4.118233250000000000e+06
3.725903500000000000e+06
3.395685000000000000e+06
3.139215000000000000e+06
2.934136500000000000e+06
2.762296000000000000e+06
2.608724500000000000e+06
2.463025000000000000e+06
2.318726000000000000e+06
2.173641000000000000e+06
2.029209625000000000e+06
1.889217250000000000e+06
1.758086750000000000e+06
1.613577500000000000e+06
1.494133250000000000e+06
1.400494625000000000e+06
1.328657750000000000e+06
1.271698875000000000e+06
1.222073500000000000e+06
1.173335625000000000e+06
1.121502750000000000e+06
1.065646000000000000e+06
1.007160625000000000e+06
9.486371875000000000e+05
8.932891250000000000e+05
8.442929375000000000e+05
8.035091875000000000e+05
7.707022500000000000e+05
7.441424375000000000e+05
7.216465000000000000e+05
7.009759375000000000e+05
6.800179375000000000e+05
6.573788125000000000e+05
6.328791250000000000e+05
6.073039375000000000e+05
5.817858125000000000e+05
5.574660000000000000e+05
5.353607500000000000e+05
5.161123437500000000e+05
4.997578437500000000e+05
4.857902500000000000e+05
4.734188125000000000e+05
4.617894687500000000e+05
4.501493750000000000e+05
4.380233437500000000e+05
4.253205312500000000e+05
4.122694062500000000e+05
3.992521562500000000e+05
3.866800937500000000e+05
3.749262500000000000e+05
3.642475000000000000e+05
3.546999375000000000e+05
3.461281875000000000e+05
3.382539687500000000e+05
3.307836250000000000e+05
3.234655937500000000e+05
3.161128125000000000e+05
3.086371250000000000e+05
3.010775312500000000e+05
2.935710312500000000e+05
2.862750000000000000e+05
2.793108437500000000e+05
2.727573750000000000e+05
2.666534062500000000e+05
2.609800000000000000e+05
2.556549843750000000e+05
2.505675781250000000e+05
2.456212343750000000e+05
2.407480625000000000e+05
2.359067656250000000e+05
2.310904375000000000e+05
2.263307812500000000e+05
2.216784531250000000e+05
2.171766406250000000e+05
2.128543750000000000e+05
2.087305000000000000e+05
2.048070312500000000e+05
2.010614375000000000e+05
1.974562343750000000e+05
1.939575156250000000e+05
1.905405312500000000e+05
1.871853281250000000e+05
1.838791093750000000e+05
1.806245781250000000e+05
1.774378437500000000e+05
1.743350000000000000e+05
1.713243593750000000e+05
1.684100468750000000e+05
1.655955781250000000e+05
1.628791406250000000e+05
1.602494843750000000e+05
1.576914375000000000e+05
1.551942031250000000e+05
1.527517812500000000e+05
1.503584687500000000e+05
1.480097812500000000e+05
1.457072343750000000e+05
1.434567812500000000e+05
1.412622031250000000e+05
1.391233750000000000e+05
1.370402187500000000e+05
1.350136562500000000e+05
1.330416093750000000e+05
1.311180000000000000e+05
1.292375312500000000e+05
1.273981015625000000e+05
1.255978593750000000e+05
1.238333046875000000e+05
1.221024765625000000e+05
1.204069609375000000e+05
1.187487421875000000e+05
1.171270156250000000e+05
1.155401875000000000e+05
1.139885859375000000e+05
1.124728515625000000e+05
1.109909609375000000e+05
1.095395546875000000e+05
1.081171875000000000e+05
7.621545312500000000e+04
5.344375390625000000e+04
3.728985546875000000e+04
2.590201953125000000e+04
1.791872070312500000e+04
1.235022558593750000e+04
8.483590820312500000e+03
5.809648925781250000e+03
3.967334716796875000e+03
2.702256347656250000e+03
1.836221679687500000e+03
1.245012817382812500e+03
8.424514160156250000e+02
5.689868774414062500e+02
3.836219482421875000e+02
2.582248229980468750e+02
1.735520477294921875e+02
1.164755020141601562e+02
7.806224060058593750e+01
5.224772262573242188e+01
3.492361831665039062e+01
2.331231880187988281e+01
