# d_z
1.000000000000000000e+00
9.951742564599784791e-01
9.903602830332016715e-01
9.855587976770434633e-01
9.807705319490044316e-01
9.759957905824777624e-01
9.712354926275740263e-01
9.664901296236164674e-01
9.617602021302803506e-01
9.570462760452173034e-01
9.523488147814468396e-01
9.476684319213073415e-01
9.430054957782942893e-01
9.383604669653313746e-01
9.337338718240298929e-01
9.291260725187605596e-01
9.245374954507140641e-01
9.199686035596362776e-01
9.154197503216101595e-01
9.108911179071597086e-01
9.063831576922910527e-01
9.018963286764808407e-01
8.974307980422759901e-01
8.929867950034445778e-01
8.885647333138254611e-01
8.841647597743788056e-01
8.797872057855662398e-01
8.754324076708220881e-01
8.711003055608932399e-01
8.667913017728083869e-01
8.625056490022068312e-01
8.582432898984703185e-01
8.540045417639802183e-01
8.497895681228631037e-01
8.455984701865471020e-01
8.414314769399244831e-01
8.372885630257769218e-01
8.331698940694443056e-01
8.290755720260539752e-01
8.250056661431919292e-01
8.209602776097567611e-01
8.169395074176264426e-01
8.129432579338441434e-01
8.089717596379636388e-01
8.050249781637892621e-01
8.011028426238494538e-01
7.972056156269710092e-01
7.933331221370072406e-01
7.894853856351753407e-01
7.856624619373573370e-01
7.818641649340636324e-01
7.780907861824715166e-01
7.743420651164915069e-01
7.706180825310081639e-01
7.669186730533245067e-01
7.632439122498532180e-01
7.595937332037716594e-01
7.559680653035041331e-01
7.523668699037752150e-01
7.487900334172475914e-01
7.452376180270218198e-01
7.417092860483394112e-01
7.382052007438669738e-01
7.347251236605413238e-01
7.312691034931840806e-01
7.278370028205445319e-01
7.244286421331834758e-01
7.210440225692255067e-01
7.176829931151756936e-01
7.143454351976206151e-01
7.110312634892167472e-01
7.077403507599714372e-01
7.044726032469270649e-01
7.012279231373619304e-01
6.980061699962697430e-01
6.948071211301737327e-01
6.916308583955795841e-01
6.884771115145500442e-01
6.853456814402139052e-01
6.822365996696954094e-01
6.791497773347652256e-01
6.760848831872177112e-01
6.730418573497387591e-01
6.700205364155670251e-01
6.670208727848799812e-01
6.640426741964653434e-01
6.610858241427973736e-01
6.581501406743104354e-01
6.552354980533655615e-01
6.523418074568918534e-01
6.494688315869167061e-01
6.466164932047978597e-01
6.437845864527325102e-01
6.409730256779810897e-01
6.381816796468446906e-01
6.354103494261487128e-01
6.326588944163744621e-01
6.299271483352857359e-01
6.272150687051061269e-01
6.245224167635063939e-01
