# da
0.000000000000000000e+00
4.213930645253379481e+01
8.327499822375519045e+01
1.234353086454803190e+02
1.626474219089331825e+02
2.009375237019061444e+02
2.383308488984766029e+02
2.748517264969821667e+02
3.105236219873731898e+02
3.453691773157628973e+02
3.794102486017375213e+02
4.126679417527218448e+02
4.451626461094051592e+02
4.769140662466752474e+02
5.079412520457473761e+02
5.382626271451306366e+02
5.678960158705801859e+02
5.968586687373403947e+02
6.251672866115966372e+02
6.528380436122120045e+02
6.798866088283556337e+02
7.063281669236265543e+02
7.321774376925786783e+02
7.574486946312673581e+02
7.821557825793977372e+02
8.063121344879322123e+02
8.299307873625743923e+02
8.530243974303118648e+02
8.756052545732102317e+02
8.976852960708813498e+02
9.192761196904334611e+02
9.403889961603196070e+02
9.610348810622281235e+02
9.812244261730834296e+02
1.000967990287226371e+03
1.020275649547066905e+03
1.039157207308741818e+03
1.057622203567749921e+03
1.075679923968026060e+03
1.093339408416522929e+03
1.110609459324067757e+03
1.127498649492026743e+03
1.144015329663185867e+03
1.160167635754154389e+03
1.175963495785627629e+03
1.191410636525860809e+03
1.206516589861879538e+03
1.221288698912048176e+03
1.235734123892924572e+03
1.249859847752524047e+03
1.263672681581479992e+03
1.277179269812927032e+03
1.290386095221320602e+03
1.303299483729861777e+03
1.315925609035632078e+03
1.328270497061071410e+03
1.340340030239935231e+03
1.352139951645445990e+03
1.363675868967907945e+03
1.374953258348692316e+03
1.385977468077115645e+03
1.396753722156372987e+03
1.407287123744382598e+03
1.417582658475088010e+03
1.427645197665442538e+03
1.437479501413074104e+03
1.447090221589329531e+03
1.456481904732176190e+03
1.465658994843201981e+03
1.474625836092743839e+03
1.483386675436960786e+03
1.491945665150477453e+03
1.500306865278067107e+03
1.508474246008623822e+03
1.516451689974549254e+03
1.524242994479527169e+03
1.531851873657482429e+03
1.539281960565423105e+03
1.546536809212710523e+03
1.553619896529181688e+03
1.560534624274461976e+03
1.567284320890641993e+03
1.573872243300457740e+03
1.580301578652954959e+03
1.586575446018559887e+03
1.592696898035396771e+03
1.598668922508576316e+03
1.604494443964131960e+03
1.610176325159208318e+03
1.615717368550003357e+03
1.621120317718931119e+03
1.626387858762407859e+03
1.631522621640574016e+03
1.636527181490250996e+03
1.641404059902341942e+03
1.646155726164848147e+03
1.650784598472642074e+03
1.655293045105043348e+03
1.659683385572270026e+03
1.663957891731723294e+03
