# f_z
4.778414178781033028e-01
4.838519191239313844e-01
4.898241322597598479e-01
4.957570468030634281e-01
5.016496580659194349e-01
5.075010192453763835e-01
5.133102487583655060e-01
5.190764892750250326e-01
5.247989077525091473e-01
5.304767470646949423e-01
5.361092943875273020e-01
5.416958498480545225e-01
5.472357843535247124e-01
5.527284872156063011e-01
5.581734145470734765e-01
5.635700349669409137e-01
5.689178867957143115e-01
5.742165127527252277e-01
5.794655169851737897e-01
5.846645419735927440e-01
5.898132527956153615e-01
5.949113515621449189e-01
5.999586096994439233e-01
6.049547682194749143e-01
6.098996558018366931e-01
6.147931082077698894e-01
6.196349952346037471e-01
6.244252333499180629e-01
6.291637498532378636e-01
6.338505084602190642e-01
6.384854821969443428e-01
6.430687253857488850e-01
6.476002369466270503e-01
6.520801112769424313e-01
6.565084267373825222e-01
6.608853143719537471e-01
6.652108963736691472e-01
6.694853414437669237e-01
6.737088096031201845e-01
6.778815196172993662e-01
6.820036885685056838e-01
6.860755369147445437e-01
6.900973184697701823e-01
6.940693124816961213e-01
6.979918054728184718e-01
7.018650740325022008e-01
7.056894519209394590e-01
7.094652549111118978e-01
7.131928288502428215e-01
7.168725069516737047e-01
7.205046696075527723e-01
7.240896683368910347e-01
7.276279018415223732e-01
7.311197454477521562e-01
7.345656100511389619e-01
7.379658867294426328e-01
7.413209963708520256e-01
7.446313663340785594e-01
7.478974052295291886e-01
7.511195419658338590e-01
7.542982331479364255e-01
7.574339011677725386e-01
7.605269892014466793e-01
7.635779576706351879e-01
7.665872418853622028e-01
7.695553087810222959e-01
7.724826041746218896e-01
7.753695818696850761e-01
7.782167201540521884e-01
7.810244527824219407e-01
7.837932493055683736e-01
7.865235873661686750e-01
7.892158964163319412e-01
7.918706489992404229e-01
7.944883273578935423e-01
7.970693556824719472e-01
7.996142114457148731e-01
8.021233471025371875e-01
8.045972064912989552e-01
8.070362728244550032e-01
8.094409530691346610e-01
8.118117307935971416e-01
8.141490379680458300e-01
8.164533416244339481e-01
8.187250396231879890e-01
8.209646028451106359e-01
8.231724465290760628e-01
8.253490234835533235e-01
8.274947497372313610e-01
8.296100547181161078e-01
8.316953566193864278e-01
8.337510745810405854e-01
8.357776261156083519e-01
8.377754179892489272e-01
8.397448517176997473e-01
8.416863400280355512e-01
8.436002768829906628e-01
8.454870536258473068e-01
8.473470823192114088e-01
8.491807186750864878e-01
