# fsigma_8
3.822731343024825534e-01
3.852154549762409341e-01
3.880857206977710860e-01
3.908839891648334119e-01
3.936103710089312036e-01
3.962650157887172009e-01
3.988481468450584821e-01
4.013600207331720071e-01
4.038009261705541864e-01
4.061712208803856528e-01
4.084713048933120705e-01
4.107015945552127678e-01
4.128625706888774394e-01
4.149547341484773333e-01
4.169786357534788768e-01
4.189348420860665723e-01
4.208239706717272210e-01
4.226466578523616069e-01
4.244035667150287128e-01
4.260953925268690656e-01
4.277228608779630736e-01
4.292867028379573902e-01
4.307876918363990337e-01
4.322266126821268095e-01
4.336042601527613782e-01
4.349214623254422651e-01
4.361790441411760311e-01
4.373778681886550390e-01
4.385187962537510087e-01
4.396026986001926318e-01
4.406304539773542306e-01
4.416029748332783722e-01
4.425211376763120152e-01
4.433858700552861243e-01
4.441980771540198214e-01
4.449586809546059452e-01
4.456685956824620876e-01
4.463287513043760479e-01
4.469400654827484498e-01
4.475034656049806658e-01
4.480198815192781292e-01
4.484902258580763523e-01
4.489154191162031404e-01
4.492963813533056294e-01
4.496340335946013012e-01
4.499292677830024623e-01
4.501830008443238884e-01
4.503961265256320456e-01
4.505695365431526267e-01
4.507041127103647571e-01
4.508007325890979744e-01
4.508602700992244694e-01
4.508835790692102830e-01
4.508715204594416770e-01
4.508249343019918309e-01
4.507446493662178866e-01
4.506314938844133144e-01
4.504862827184572538e-01
4.503098162336647836e-01
4.501028882549331089e-01
4.498662843761984109e-01
4.496007700246175132e-01
4.493071054236967288e-01
4.489860460615986426e-01
4.486383231907157265e-01
4.482646636105840354e-01
4.478657816056355601e-01
4.474423767489896786e-01
4.469951439921549530e-01
4.465247573260376357e-01
4.460318839646010836e-01
4.455171870024516867e-01
4.449812970958254010e-01
4.444248490048000044e-01
4.438484672731752845e-01
4.432527543233852896e-01
4.426383071729891872e-01
4.420057089656060367e-01
4.413555300632150402e-01
4.406883373256688663e-01
4.400046737839873878e-01
4.393050809082749697e-01
4.385900823979763663e-01
4.378602051667139783e-01
4.371159356040725252e-01
4.363577765636942885e-01
4.355862128831686775e-01
4.348017125293830998e-01
4.340047409540727652e-01
4.331957462317660434e-01
4.323751722467485403e-01
4.315434468495968345e-01
4.307009939825067191e-01
4.298482212255949619e-01
4.289855291846433327e-01
4.281133101509030370e-01
4.272319542316354024e-01
4.263418246061895789e-01
4.254432944284337048e-01
4.245367110491769513e-01
