# h
7.100000000000001421e+01
7.128733788460617404e+01
7.157929247036369702e+01
7.187586499274709695e+01
7.217705578143072387e+01
7.248286427860976744e+01
7.279328905771416203e+01
7.310832784247968164e+01
7.342797752633921959e+01
7.375223419209895326e+01
7.408109313186412237e+01
7.441454886717880868e+01
7.475259516934634973e+01
7.509522507989623819e+01
7.544243093116463683e+01
7.579420436695686192e+01
7.615053636326024389e+01
7.651141724897773599e+01
7.687683672665251322e+01
7.724678389315575089e+01
7.762124726031034072e+01
7.800021477542485115e+01
7.838367384171230867e+01
7.877161133857077857e+01
7.916401364170252464e+01
7.956086664305135514e+01
7.996215577053673940e+01
8.036786600756688870e+01
8.077798191231228486e+01
8.119248763672334235e+01
8.161136694527681357e+01
8.203460323343618654e+01
8.246217954581382514e+01
8.289407859402165002e+01
8.333028277420061158e+01
8.377077418421792743e+01
8.421553464052433924e+01
8.466454569466260693e+01
8.511778864942111511e+01
8.557524457462622536e+01
8.603689432256869907e+01
8.650271854305971431e+01
8.697269769811366302e+01
8.744681207625498587e+01
8.792504180644709777e+01
8.840736687164331897e+01
8.889376712195837626e+01
8.938422228746169651e+01
8.987871199059345884e+01
9.037721575820437181e+01
9.087971303322213146e+01
9.138618318594664913e+01
9.189660552497745982e+01
9.241095930777676415e+01
9.292922375087219677e+01
9.345137803970375501e+01
9.397740133811922192e+01
9.450727279752393883e+01
9.504097156568928995e+01
9.557847679522619444e+01
9.611976765172926207e+01
9.666482332159741020e+01
9.721362301953753615e+01
9.776614599575759712e+01
9.832237154285499514e+01
9.888227900240808310e+01
9.944584777127626296e+01
1.000130573076163643e+02
1.005838871366218541e+02
1.011583168559918420e+02
1.017363261411367006e+02
1.023178947501274649e+02
1.029030025283958025e+02
1.034916294131913901e+02
1.040837554378039869e+02
1.046793607355565996e+02
1.052784255435766738e+02
1.058809302063525308e+02
1.064868551790807203e+02
1.070961810308120761e+02
1.077088884474019608e+02
1.083249582342717190e+02
1.089443713189877769e+02
1.095671087536638311e+02
1.101931517171931176e+02
1.108224815173162625e+02
1.114550795925309359e+02
1.120909275138484276e+02
1.127300069864038079e+02
1.133722998509243354e+02
1.140177880850617385e+02
1.146664538045940134e+02
1.153182792645014842e+02
1.159732468599219146e+02
1.166313391269907100e+02
1.172925387435692954e+02
1.179568285298679342e+02
1.186241914489662577e+02
1.192946106072364501e+02
1.199680692546737220e+02
