# sigma_8
7.999999999999998224e-01
7.961432821713657626e-01
7.922960408409693844e-01
7.884587656100625619e-01
7.846319930257157349e-01
7.808161969367856114e-01
7.770118516235029471e-01
7.732194176117217488e-01
7.694393418230652815e-01
7.656720546713248199e-01
7.619179692826739680e-01
7.581774803525159756e-01
7.544509743210805475e-01
7.507388233937964950e-01
7.470413761856317114e-01
7.433589724312460456e-01
7.396919317160363105e-01
7.360405848070166179e-01
7.324052152802864590e-01
7.287861020073872487e-01
7.251835370782681034e-01
7.215977669794283456e-01
7.180290187888245246e-01
7.144775698756322679e-01
7.109436052766757719e-01
7.074273548597752592e-01
7.039290025509802318e-01
7.004487404235878456e-01
6.969867484514838951e-01
6.935431820794736302e-01
6.901182035669831683e-01
6.867119444634475212e-01
6.833245456529736250e-01
6.799561317504705382e-01
6.766068173131136732e-01
6.732766960897820230e-01
6.699658681359249579e-01
6.666744194008095148e-01
6.634024360554814370e-01
6.601499711300884421e-01
6.569170944803116585e-01
6.537038587251190469e-01
6.505103078963317964e-01
6.473364738556344200e-01
6.441823959380439391e-01
6.410480937567880622e-01
6.379335834181623088e-01
6.348388781661501445e-01
6.317639750662212839e-01
6.287088824578788149e-01
6.256735752103339543e-01
6.226580626882478597e-01
6.196622998212250044e-01
6.166862860246224987e-01
6.137299761019391342e-01
6.107933408193874092e-01
6.078763397913812261e-01
6.049789239154166332e-01
6.021010543491122080e-01
5.992426812340969633e-01
5.964037360909058005e-01
5.935841653396372042e-01
5.907839061641575462e-01
5.880028902762880483e-01
5.852410510867939175e-01
5.824983058341011155e-01
5.797745854538288723e-01
5.770698093031336740e-01
5.743838861540649932e-01
5.717167442520915133e-01
5.690682898325293282e-01
5.664384312927663867e-01
5.638270834589046432e-01
5.612341479842199998e-01
5.586595195793665480e-01
5.561031184593221433e-01
5.535648326868681801e-01
5.510445626127666863e-01
5.485422103164957486e-01
5.460576583297224174e-01
5.435908229199843955e-01
5.411415778370516350e-01
5.387098208610674455e-01
5.362954413237349671e-01
5.338983351544394074e-01
5.315183810014045829e-01
5.291554822076797171e-01
5.268095074423352342e-01
5.244803560287116806e-01
5.221679074019380806e-01
5.198720526759161853e-01
5.175926724489646746e-01
5.153296529176653040e-01
5.130828763838367612e-01
5.108522288730351635e-01
5.086375883641441886e-01
5.064388501746467375e-01
5.042558875122152839e-01
5.020885812977418095e-01
4.999368234732766703e-01
