# ee
5.844479002300850823e-02
8.699511158752402940e-02
8.806546624689229330e-02
6.931214073184550906e-02
4.490153360530092091e-02
2.536049526135008766e-02
1.416924639198520464e-02
9.570302801437889292e-03
8.132048077887751164e-03
7.339621052989774193e-03
6.338831924414767456e-03
5.337101526876827234e-03
4.729154176719667715e-03
4.616414181278723911e-03
4.781500743697022528e-03
5.029917860035872448e-03
5.245565337390512874e-03
5.538142323851755547e-03
6.036997198388513626e-03
6.804710098993525455e-03
7.879759274601844804e-03
9.198698382611203081e-03
1.069773630723839554e-02
1.238271806612351381e-02
1.427306347392715870e-02
1.634822299053971181e-02
1.856595477973942143e-02
2.093593995044873771e-02
2.348006133638056575e-02
2.620794885445800262e-02
2.915543440650692972e-02
3.230797573611927237e-02
3.571588981224291248e-02
3.940205756213347593e-02
4.339643283252728884e-02
4.767542615759829544e-02
5.218183354291625053e-02
5.692491466115660176e-02
6.193316359523434733e-02
6.723096560437134828e-02
7.282575066849961143e-02
7.872054280984795704e-02
8.491621182907276022e-02
9.141080475373536407e-02
9.820133739921044214e-02
1.052924375255207823e-01
1.126837646548700111e-01
1.203742354744367637e-01
1.283739091967745771e-01
1.366927950993126750e-01
1.453362457088324122e-01
1.543051066068406307e-01
1.636009662098692752e-01
1.732268986045002457e-01
1.831787555737187378e-01
1.934502417470232716e-01
2.040367534706155339e-01
2.149344299257223423e-01
2.261319819433205147e-01
2.376200766255892882e-01
2.493972061595185752e-01
2.614645618383254488e-01
2.738225921202022684e-01
2.864739739684162845e-01
2.994138530936719111e-01
3.126339922573218577e-01
3.261223371432808715e-01
3.398690619405385638e-01
3.538650836731098148e-01
3.681039941512122549e-01
3.825804274745497335e-01
3.972879783539038923e-01
4.122142988198565505e-01
4.273462980679645362e-01
4.426688970922024735e-01
4.581709494406173699e-01
4.738400632946990210e-01
4.896645896709623802e-01
5.056328795859225123e-01
5.217332969188480662e-01
5.379557426700727341e-01
5.542886450326339753e-01
5.707211750345944079e-01
5.872417608689916024e-01
6.038405559334567574e-01
6.205027290835972709e-01
6.372136887095644076e-01
6.539588432015090991e-01
6.707191439394326604e-01
6.874795569714148291e-01
7.042240218122747253e-01
7.209367784697849890e-01
7.376042954567935128e-01
7.542100699460478896e-01
7.707390847803458067e-01
7.871755799674601262e-01
8.035030526801383299e-01
8.197064857611783273e-01
8.357730905584527248e-01
8.516871070797342735e-01
8.674253469825456975e-01
8.829869069751596911e-01
8.983411703648490620e-01
9.134798055096361447e-01
9.283870524172941341e-01
9.430545794458456976e-01
9.574591982528133371e-01
9.715925771962197199e-01
9.854315279335877920e-01
9.989677146062803104e-01
1.012192784489021946e+00
1.025083523939377406e+00
1.037624147665161312e+00
1.049813727074688563e+00
1.061636476875773560e+00
1.073069183425981565e+00
1.084110918133627033e+00
1.094745895706524808e+00
1.104965759202739095e+00
1.114754723330085628e+00
1.124104431146628391e+00
1.133006525710432255e+00
1.141445221729312065e+00
1.149419590611582498e+00
1.156913847065058620e+00
1.163927062498054665e+00
1.170443451618385478e+00
1.176462085834366400e+00
1.181967179853811167e+00
1.186958022289034353e+00
1.191434770568343460e+00
1.195382942623546940e+00
1.198817769787451359e+00
1.201717341641614478e+00
1.204089461168593722e+00
1.205927074650446018e+00
1.207237985069729236e+00
1.208015138708500524e+00
1.208258910199067060e+00
1.207984530874236517e+00
1.207177518665816240e+00
1.205845676556363433e+00
1.203996807528435520e+00
1.201623857864090095e+00
1.198742058896134388e+00
1.195359213607125604e+00
1.191475696629371139e+00
1.187099310945428643e+00
1.182237859537855096e+00
1.176899371755277812e+00
1.171092782410600774e+00
1.164834681033049213e+00
1.158141657151846138e+00
1.151015443595716725e+00
1.143480058244134678e+00
1.135537233925824063e+00
1.127218416870509499e+00
1.118525339906914828e+00
1.109482020914514422e+00
1.100105049422532177e+00
1.090411014960192437e+00
1.080431363757219598e+00
1.070167828642337726e+00
1.059644427495020969e+00
1.048885178194743251e+00
1.037914098620979164e+00
1.026755206653202634e+00
1.015432520170888253e+00
1.003962628703259474e+00
9.923769784800410276e-01
9.806995873807070607e-01
9.689544732847317210e-01
9.571656540715889339e-01
9.453720043212531232e-01
9.335904154875778183e-01
9.218612717736829332e-01
9.102104026068188469e-01
8.986636374142347172e-01
8.872616623236803113e-01
8.760377351126551471e-01
8.650251135586590756e-01
8.542496270889415877e-01
8.437519618312525616e-01
8.335728039133414313e-01
8.237379827624579098e-01
8.142814989911265622e-01
8.052470100671971220e-01
7.966692594382194237e-01
7.885859618918427127e-01
7.810326037106419816e-01
7.740476425172916342e-01
7.676680502644165349e-01
7.619330274097161348e-01
7.568817744108902179e-01
7.525534917256384571e-01
7.489888654817103975e-01
7.462270961368058231e-01
7.443073841486241848e-01
7.432689299748651557e-01
7.431533027690075954e-01
7.440004039422718485e-01
7.458517607666321769e-01
7.487481576790379068e-01
7.527311219514635221e-01
7.578406951858331908e-01
7.641191474891464441e-01
7.716072632983527191e-01
7.803450842153762945e-01
7.903748803472164797e-01
8.017381789658476476e-01
8.144742788381693632e-01
8.286254500711807136e-01
8.442332199368561829e-01
8.613316873569204501e-01
8.799705507886222966e-01
9.001839091536866233e-01
9.220058613738375541e-01
9.454853630712993784e-01
9.706565131677966640e-01
9.975534105850536459e-01
1.026225010945294613e+00
1.056697984819994218e+00
1.089013859481126723e+00
1.123199305500166334e+00
1.159303278499337786e+00
1.197359877400364869e+00
1.237395772774722680e+00
1.279452491894384814e+00
1.323564133681076171e+00
1.369749940356020934e+00
1.418051439191193808e+00
1.468502729108318583e+00
1.521130480678869912e+00
1.575968792824572251e+00
1.633051764467149836e+00
1.692391209477577263e+00
1.754021226777578546e+00
1.817961058588378309e+00
1.884252232181950593e+00
1.952913989779520465e+00
2.023965573602311441e+00
2.097433654221798616e+00
2.173337473859206170e+00
2.251703703086008090e+00
2.332536727422929168e+00
2.415870645791693416e+00
2.501724700413525238e+00
2.590103276809149868e+00
2.681040473900290433e+00
2.774525062928429264e+00
2.870579926571327434e+00
2.969204904877253082e+00
3.070414694594975291e+00
3.174201707422511287e+00
3.280580640108630597e+00
3.389551332701601360e+00
3.501106196899440359e+00
3.615259929450918008e+00
3.732004942054052865e+00
3.851341074757111294e+00
3.973268167608364099e+00
4.097786060656077645e+00
4.224887165598270933e+00
4.354556465782713381e+00
4.486786372907421772e+00
4.621561870320165077e+00
4.758875369718961856e+00
4.898719282801831554e+00
5.041071164566291785e+00
5.185923426710359330e+00
5.333261052581804051e+00
5.483046740477645287e+00
5.635280330446149399e+00
5.789931949134586198e+00
5.946986579890723768e+00
6.106421777712080612e+00
6.268215097596173457e+00
6.432329237840023417e+00
6.598734325090897634e+00
6.767415342696564196e+00
6.938327560603790189e+00
7.111448533810097672e+00
7.286748388962751122e+00
7.464189824358771652e+00
7.643742966645426407e+00
7.825355657419234667e+00
8.009005451677715826e+00
8.194647619367634306e+00
8.382244858786011221e+00
8.571774724930364187e+00
8.763103347544461741e+00
8.956304850179074961e+00
9.151304789379969051e+00
9.347954438190411608e+00
9.546327920161173708e+00
9.746276508335521171e+00
9.947800042761725692e+00
1.015082407998555247e+01
1.035527417655277382e+01
1.056122305506432113e+01
1.076844070031181211e+01
1.097699283014702942e+01
1.118679659541675164e+01
1.139776914696776444e+01
1.160990191914934577e+01
1.182303777930578370e+01
1.203716816178635440e+01
1.225221021743784355e+01
1.246800681360453211e+01
1.268462366813820452e+01
1.290190364838313997e+01
1.311983818868861995e+01
1.333827015639893077e+01
1.355711670236085098e+01
1.377644354442616503e+01
1.399601926643665273e+01
1.421583530274159735e+01
1.443580880418778101e+01
1.465593120512448522e+01
1.487604537289599271e+01
1.509606845834908562e+01
1.531591761233054783e+01
1.553550998568716146e+01
1.575483701276820447e+01
1.597381584442046076e+01
1.619228934798821484e+01
1.641017467431824883e+01
1.662746325775984246e+01
1.684399796565727669e+01
1.705977023235983836e+01
1.727469720871430425e+01
1.748862176206496244e+01
1.770153532676109265e+01
1.791328077014697229e+01
1.812384952657189174e+01
1.833315874688262426e+01
1.854112558192596083e+01
1.874766718254867826e+01
1.895277498310006337e+01
1.915621756742189064e+01
1.935798636986344334e+01
1.955799854127151249e+01
1.975609694899037549e+01
1.995227302736930852e+01
2.014636964375260320e+01
2.033837823248953569e+01
2.052806737742188758e+01
2.071557707990394448e+01
2.090075020727998734e+01
2.108357779524116893e+01
2.126397500134363128e+01
2.144185658448539300e+01
2.161721158706695789e+01
2.178988048448384518e+01
2.195985231913656932e+01
2.212704184992313827e+01
2.229136383574157065e+01
2.245265875198737504e+01
2.261091564106106944e+01
2.276604926186066180e+01
2.291797437328417431e+01
2.306660573422961136e+01
2.321193238709749096e+01
2.335386909078582107e+01
2.349233060419262742e+01
2.362730596971840669e+01
2.375863566275868877e+01
2.388645729271896911e+01
2.401046276798977530e+01
2.413086398147911638e+01
2.424735284157750570e+01
2.436006695769045649e+01
2.446892108871597671e+01
2.457382999355209208e+01
2.467470843109680345e+01
2.477154544375062883e+01
2.486425579041158329e+01
2.495275422997767834e+01
2.503702980484943197e+01
2.511707155742734798e+01
2.519264567960444623e+01
2.526396406428874286e+01
2.533086718687574646e+01
2.539334408976596436e+01
2.545145809886242461e+01
2.550512397306313161e+01
2.555440503827109566e+01
2.559921605338433537e+01
2.563954606080336518e+01
2.567538410292869600e+01
2.570664493865833578e+01
2.573339189389530901e+01
2.575553972753762366e+01
2.577300319848328769e+01
2.578591991613782497e+01
2.579413035589673697e+01
2.579769784366304819e+01
2.579653713833476303e+01
2.579078584931740181e+01
2.578028605497429382e+01
2.576510909604751731e+01
2.574532791624698547e+01
2.572086689227759493e+01
2.569172468434674528e+01
2.565804851966685263e+01
2.561976277494280652e+01
2.557679182687951780e+01
2.552935718619188421e+01
2.547738322958481660e+01
2.542086861726571101e+01
2.535988629294446994e+01
2.529443491682850009e+01
2.522458743262770042e+01
2.515041678405198056e+01
2.507184734780623359e+01
2.498902635110287562e+01
2.490195245414929914e+01
2.481062431715290728e+01
2.471504060032111028e+01
2.461534853086629937e+01
2.451147248549338897e+01
2.440341112440977867e+01
2.429131167482786680e+01
2.417517279695506716e+01
2.405506743450126805e+01
2.393114281467888205e+01
2.380347188119781521e+01
2.367205329426546001e+01
2.353695999759172253e+01
2.339841350189151115e+01
2.325633818386972607e+01
2.311080698723626625e+01
2.296196713920353716e+01
2.280974301647644609e+01
2.265428184626738783e+01
2.249558228878377619e+01
2.233379157123800596e+01
2.216890835383748026e+01
2.200100558029210518e+01
2.183023047781427906e+01
2.165658170661141213e+01
2.148020649389590275e+01
2.130117778337765344e+01
2.111949423526406733e+01
2.093537736027004570e+01
2.074882581860299524e+01
2.055998683747532141e+01
2.036893336059691961e+01
2.017566404817519654e+01
1.998040285204521993e+01
1.978316063801520741e+01
1.958409928001853828e+01
1.938330636848610311e+01
1.918086949384877471e+01
1.897687624653744010e+01
1.877141421698297918e+01
1.856464527911877482e+01
1.835665702337571048e+01
1.814753704018466962e+01
1.793737291997653216e+01
1.772640082018718388e+01
1.751470833124749760e+01
1.730238304358836743e+01
1.708958683114317267e+01
1.687640728434278969e+01
1.666300627712060844e+01
1.644947139990750173e+01
1.623589024313435658e+01
1.602235039723206356e+01
1.580901373613398953e+01
1.559604213377353155e+01
1.538344889707906127e+01
1.517132161648146393e+01
1.495989644941662355e+01
1.474926098631542182e+01
1.453942853410624103e+01
1.433063525022496343e+01
1.412296872510247070e+01
1.391659083267214214e+01
1.371144059635986601e+01
1.350782845710402214e+01
1.330576772183299106e+01
1.310542026448015562e+01
1.290687367547640108e+01
1.271021554525260555e+01
1.251553346423965429e+01
1.232306358987342776e+01
1.213274494557980887e+01
1.194481368879467809e+01
1.175935740994892065e+01
1.157638941597092064e+01
1.139607158079405558e+01
1.121856577835170654e+01
1.104395959907476232e+01
1.087226634989159990e+01
1.070364790473560390e+01
1.053819185403765779e+01
1.037598578822863971e+01
1.021719158124193427e+01
1.006182335681306839e+01
9.910047072911147836e+00
9.761880937307418904e+00
9.617566008280634904e+00
9.477046210099539181e+00
9.340488317540385665e+00
9.207999678577422742e+00
9.079672784484396075e+00
8.955585269834561046e+00
8.835822197551411961e+00
8.720461202208198870e+00
8.609579918378173602e+00
8.503270837335080046e+00
8.401611593652173582e+00
8.304672393552449350e+00
8.212538299959406984e+00
8.125272090745795595e+00
8.042958828835118368e+00
7.965661292100117308e+00
7.893449686763798212e+00
7.826401647399405803e+00
7.764579951879690967e+00
7.708047378077402811e+00
7.656851847164790392e+00
7.611048708664354123e+00
7.570685883748341283e+00
7.535818721939251397e+00
7.506502572759583991e+00
7.482777929031337649e+00
7.464685283576513619e+00
7.452279985917608762e+00
7.445587672176124272e+00
7.444648835174056067e+00
7.449503967733407173e+00
7.460200991026423978e+00
7.476765541174607677e+00
7.499223254299455910e+00
7.527607194872718566e+00
7.561928142315394119e+00
7.602211732748981099e+00
7.648491030645232946e+00
7.700776815425143695e+00
7.759087294859964068e+00
7.823440676720944786e+00
7.893825455378332911e+00
7.970267266953630525e+00
8.052754605817083799e+00
8.141231396237442297e+00
8.235864412990958172e+00
8.336449013341376002e+00
8.443149756669265926e+00
8.555825206762465385e+00
8.674480279018126794e+00
8.799119888833409675e+00
8.929674668102967061e+00
9.066149532223956697e+00
9.208475113091031616e+00
9.356656326101349563e+00
9.510623803149563571e+00
9.670382459632829608e+00
9.835788643943303100e+00
1.000692155498064295e+01
1.018363754113699926e+01
1.036594151780953155e+01
1.055376411689289284e+01
1.074711025378423912e+01
1.094576199337322642e+01
1.114979853455951009e+01
1.135915050923774494e+01
1.157367426580008996e+01
1.179337471964369399e+01
1.201810821916071603e+01
1.224787967974831560e+01
1.248261973330114039e+01
1.272218472821134938e+01
1.296657957987610210e+01
1.321566063668754687e+01
1.346935853054034382e+01
1.372767817683164715e+01
1.399040164045110934e+01
1.425753383679589525e+01
1.452893111425814965e+01
1.480452410473252911e+01
1.508431772361619849e+01
1.536801975229630202e+01
1.565570938967250392e+01
1.594724298413695251e+01
1.624247688408180679e+01
1.654134172140172510e+01
1.684376812799135692e+01
1.714961245224285946e+01
1.745880532605088931e+01
1.777120309780760365e+01
1.808673639940765909e+01
1.840526157924320572e+01
1.872670926920890011e+01
1.905093581769689948e+01
1.937779757309936102e+01
1.970729945081343715e+01
2.003922351572878213e+01
2.037349687684810462e+01
2.070995826810380791e+01
2.104851718403885386e+01
2.138900883569369071e+01
2.173126843410878095e+01
2.207520547382707221e+01
2.242072944939152990e+01
2.276760128834010644e+01
2.311573048521575657e+01
2.346495225105893923e+01
2.381502751340760327e+01
2.416594005030721348e+01
2.451752507279822169e+01
2.486961779192107969e+01
2.522205341871625350e+01
2.557474144772669078e+01
2.592759137349534981e+01
2.628051269056518890e+01
2.663319204297165754e+01
2.698568749226272701e+01
2.733783424947883134e+01
2.768931895865544490e+01
2.804019968134051766e+01
2.839023734507199492e+01
2.873934144439284921e+01
2.908727290684103295e+01
2.943394122695949022e+01
2.977918161578869416e+01
3.012290356787158530e+01
3.046501657775112903e+01
3.080520728946278197e+01
3.114353376455449407e+01
3.147975693056422486e+01
3.181371199853243326e+01
3.214538274650455918e+01
3.247453010201859058e+01
3.280113784311995317e+01
3.312496689734661004e+01
3.344600104274402952e+01
3.376400120685015338e+01
3.407895116771044997e+01
3.439061185286286104e+01
3.469896704035285495e+01
3.500385194122087285e+01
3.530502748300489202e+01
3.560247744375035239e+01
3.589603703449771643e+01
3.618554146628743950e+01
3.647097451716497574e+01
3.675217139817078049e+01
3.702911449139774192e+01
3.730170631162597772e+01
3.756984797768303252e+01
3.783344060839644385e+01
3.809231103909127114e+01
3.834650895560004358e+01
3.859586119324782061e+01
3.884026887086214685e+01
3.907955882376806045e+01
3.931370645429561250e+01
3.954253859776984115e+01
3.976595637301829811e+01
3.998393518237103450e+01
4.019630186115308845e+01
4.040303181169450397e+01
4.060402615282283278e+01
4.079926028686811890e+01
4.098856104915540044e+01
4.117182955851223625e+01
4.134911550077116260e+01
4.152031999475971702e+01
4.168526987580297316e+01
4.184401482973345310e+01
4.199645597537870145e+01
4.214249443156626995e+01
4.228210560062621681e+01
4.241526488488856472e+01
4.254179911967837313e+01
4.266168370732568604e+01
4.277489405016054747e+01
4.288125698350800263e+01
4.298082219320060204e+01
4.307341651456339093e+01
4.315908963342890559e+01
4.323789123562969650e+01
4.330972243999330118e+01
4.337470721585479794e+01
4.343267239853919648e+01
4.348374195738154668e+01
4.352796557821440615e+01
4.356517009636282012e+01
4.359540519765933198e+01
4.361864628443397862e+01
4.363494304251932476e+01
4.364419659074288660e+01
4.364630804793224428e+01
4.364147566692491864e+01
4.362952628304596914e+01
4.361050958212793205e+01
4.358447525000335077e+01
4.355140125128266249e+01
4.351127579969776349e+01
4.346423823826596333e+01
4.341020505949705921e+01
4.334931560640833226e+01
4.328156065501208616e+01
4.320707954832560205e+01
4.312571449535618484e+01
4.303775340612613576e+01
4.294311277314523068e+01
4.284185765592827977e+01
4.273405311399005058e+01
4.261968992334288231e+01
4.249890742700402768e+01
4.237169640098579748e+01
4.223804762130048829e+01
4.209802614746288185e+01
4.195169703898778835e+01
4.179919963889248180e+01
4.164052472318927300e+01
4.147588591839794958e+01
4.130527400053080811e+01
4.112890259610765042e+01
4.094683676464325117e+01
4.075914156565240631e+01
4.056588205864992602e+01
4.036719758665309854e+01
4.016307892567420623e+01
3.995373970223305804e+01
3.973909640883944405e+01
3.951936267201315189e+01
3.929452926776647814e+01
3.906480982261922463e+01
3.883012082908116724e+01
3.859075019717462141e+01
3.834676298641436887e+01
3.809814997281270621e+01
3.784512478288942106e+01
3.758775247615932358e+01
3.732617239563968070e+01
3.706052388434782330e+01
3.679087200179851891e+01
3.651735609100906288e+01
3.624011549499675056e+01
3.595928955677889149e+01
3.567494333587026034e+01
3.538721617528815955e+01
3.509617313454737797e+01
3.480195355666522516e+01
3.450469678465896806e+01
3.420447226764436266e+01
3.390144129664338379e+01
3.359569526877646695e+01
3.328739986466653278e+01
3.297679504843901555e+01
3.266397221721432942e+01
3.234917133511790865e+01
3.203240951576767515e+01
3.171400100679156253e+01
3.139403720530999564e+01
3.107268379194589158e+01
3.075003216381969295e+01
3.042624800155431330e+01
3.010142270227017747e+01
2.977579623009272325e+01
2.944945998214237193e+01
2.912243107203704895e+01
2.879502374740467729e+01
2.846740368886819894e+01
2.813966229354801740e+01
2.781196524206707466e+01
2.748455249855079430e+01
2.715751546011960116e+01
2.683101980739642300e+01
2.650523122100418405e+01
2.618031538156581561e+01
2.585636368620173897e+01
2.553354181553488900e+01
2.521194116668567631e+01
2.489180170377954227e+01
2.457314054043441232e+01
2.425612335727320357e+01
2.394091583491884734e+01
2.362760937049177556e+01
2.331629536111240597e+01
2.300713948740366632e+01
2.270023314648599211e+01
2.239574201898230044e+01
2.209383178551552618e+01
2.179459384320608706e+01
2.149826815617941023e+01
2.120502040505842700e+01
2.091501627046606515e+01
2.062834714952274240e+01
2.034525300635389655e+01
2.006575095457744240e+01
1.978993239131381188e+01
1.951788871368343692e+01
1.924971131880674236e+01
1.898549160380414591e+01
1.872524871664287360e+01
1.846900994268731111e+01
1.821710173566113156e+01
1.796947913177552181e+01
1.772646858475415854e+01
1.748809941431072090e+01
1.725454950716387970e+01
1.702599675003232349e+01
1.680254474613222726e+01
1.658429709867976598e+01
1.637135741089112884e+01
1.616368071897748138e+01
1.596144490965751217e+01
1.576467930264489503e+01
1.557341321765331088e+01
1.538782454140143940e+01
1.520794259360295264e+01
1.503387097747403978e+01
1.486563901272836929e+01
1.470349886958712560e+01
1.454740558426148667e+01
1.439753704347013041e+01
1.425392256692673776e+01
1.411666575784748368e+01
1.398579593594605086e+01
1.386141670443861429e+01
1.374348309953635550e+01
1.363209872445545301e+01
1.352729289890958242e+01
1.342916922611492403e+01
1.333768274228265938e+01
1.325293705062896343e+01
1.317503575437001651e+01
1.310400817321949951e+01
1.303988362689108627e+01
1.298276571860095707e+01
1.293268376806279285e+01
1.288966709499027097e+01
1.285367073559457118e+01
1.282472400958936909e+01
1.280278195318584800e+01
1.278787388609768172e+01
1.277995484453605357e+01
1.277897986471213798e+01
1.278505254984211703e+01
1.279820221963966809e+01
1.281853247732096968e+01
1.284599835909720333e+01
1.288070346818454226e+01
1.292267712429666737e+01
1.297202035957270283e+01
1.302852678783352935e+01
1.309221030233048033e+01
1.316293622930988505e+01
1.324064417852056863e+01
1.332527375971136152e+01
1.341661601562609718e+01
1.351475912301859594e+01
1.361956840813519420e+01
1.373113204772971585e+01
1.384938965155098956e+01
1.397428082934785110e+01
1.410596804137662019e+01
1.424431661388363146e+01
1.438934044012021118e+01
1.454097912983519159e+01
1.469917229277739601e+01
1.486378525519315730e+01
1.503475762683130590e+01
1.521210330094316454e+01
1.539561332027257023e+01
1.558522729456834455e+01
1.578081055007681499e+01
1.598237698004932383e+01
1.618979191073218260e+01
1.640292066837173124e+01
1.662162857921429193e+01
1.684585525300870401e+01
1.707554029950378549e+01
1.731054904494586566e+01
1.755082109908378385e+01
1.779637035516885746e+01
1.804698785594492350e+01
1.830276177816580230e+01
1.856355744807782671e+01
1.882924019192732956e+01
1.909982390296563537e+01
1.937517390743907342e+01
1.965508124809147716e+01
1.993955981817416756e+01
2.022847494393347745e+01
2.052169195161573612e+01
2.081915045096977224e+01
2.112056720123691633e+01
2.142603037917098874e+01
2.173525674401333063e+01
2.204818590551276358e+01
2.236468318991561688e+01
2.268453963996572043e+01
2.300776914891440583e+01
2.333408352992100987e+01
2.366347194582692737e+01
2.399577004638656419e+01
2.433081348135431909e+01
2.466843790048460505e+01
2.500862752053682669e+01
2.535106942426038401e+01
2.569567354491218580e+01
2.604242409925163670e+01
2.639108245353063609e+01
2.674148425750360403e+01
2.709353944442742446e+01
2.744715794755902394e+01
2.780210113315029119e+01
2.815827893445813856e+01
2.851560128473947131e+01
2.887375526674368942e+01
2.923272509723020818e+01
2.959227214245091986e+01
2.995230633566273681e+01
3.031258904311756552e+01
3.067303019807230768e+01
3.103353973378387209e+01
3.139395330000665396e+01
3.175403226299257042e+01
3.211376083950101901e+01
3.247290039578391685e+01
3.283143514860065437e+01
3.318912646420312740e+01
3.354580999234577376e+01
3.390139566628548096e+01
3.425571913577664418e+01
3.460869033407617934e+01
3.495999634393349709e+01
3.530962138210798429e+01
3.565732681485156519e+01
3.600309685892363376e+01
3.634676716407859942e+01
3.668817338007086448e+01
3.702707687315233187e+01
3.736353614358492337e+01
3.769731255762050637e+01
3.802824176501353293e+01
3.835630798252337570e+01
3.868134685990445831e+01
3.900326833041367536e+01
3.932183376030292266e+01
3.963710164983412909e+01
3.994890764876168276e+01
4.025708740683998599e+01
4.056147400140821446e+01
4.086203878714956517e+01
4.115860197932700260e+01
4.145105807670596221e+01
4.173922729454942271e+01
4.202300413162283377e+01
4.230228308669165926e+01
4.257703294202386246e+01
4.284707391288238654e+01
4.311244906503769414e+01
4.337290433025025749e+01
4.362848277429051791e+01
4.387907889592393929e+01
4.412451291041347901e+01
4.436482788352960682e+01
4.459976974703277364e+01
4.482930728319092850e+01
4.505333499076953530e+01
4.527174736853406500e+01
4.548436463174745370e+01
4.569130412968267763e+01
4.589231179410018768e+01
4.608735640726794713e+01
4.627648103495641152e+01
4.645943160892603885e+01
4.663632547844978404e+01
4.680690857528811222e+01
4.697129824871397830e+01
4.712938899749283905e+01
4.728100103688764477e+01
4.742632599967387819e+01
4.756510981761197598e+01
4.769746983997490730e+01
4.782322628202562242e+01
4.794234792603208462e+01
4.805480355426225714e+01
4.816056194898408904e+01
4.825944332546054483e+01
4.835156503296457942e+01
4.843667300325665082e+01
4.851481030210722167e+01
4.858601999528674753e+01
4.865012229805818578e+01
4.870723455969450555e+01
4.875732556246364169e+01
4.880036408863357167e+01
4.883624463696975226e+01
4.886501027324263191e+01
4.888670406322268036e+01
4.890122050567534728e+01
4.890853051622526237e+01
4.890861354392369265e+01
4.890145117117857865e+01
4.888702498039785382e+01
4.886531655398945162e+01
4.883645604136631135e+01
4.880057359194137234e+01
4.875779935512757390e+01
4.870826348033784825e+01
4.865217040048763408e+01
4.858950169798485774e+01
4.852046180574496503e+01
4.844495802267339712e+01
4.836297193117807325e+01
4.827433654666194229e+01
4.817910773503544419e+01
4.807704422819901424e+01
4.796812760856058588e+01
4.785241374203058484e+01
4.772980992751445939e+01
4.760066916493264699e+01
4.746497303669308110e+01
4.732292597571120041e+01
4.717465813139993713e+01
4.702037393667472998e+01
4.686012925744601887e+01
4.669397995962422954e+01
4.652198190911981612e+01
4.634419097184319014e+01
4.616058873020231346e+01
4.597130533361011118e+01
4.577632236447451675e+01
4.557569568870596299e+01
4.536948117221491827e+01
4.515788324791676445e+01
4.494095778172198408e+01
4.471883492304349517e+01
4.449164482129424414e+01
4.425951762588715610e+01
4.402243491923016450e+01
4.378060113423871513e+01
4.353384928631574979e+01
4.328230952487418648e+01
4.302596343232197995e+01
4.276471830756455006e+01
4.249877858351734972e+01
4.222797727558330649e+01
4.195251881667785199e+01
4.167268192321893849e+01
4.138859674461949112e+01
4.110047279999943015e+01
4.080839138629163898e+01
4.051273602064345880e+01
4.021366736969475397e+01
3.991127181658288237e+01
3.960563574444518764e+01
3.929691981992154837e+01
3.898521042614930820e+01
3.867059394626582502e+01
3.835323104691094898e+01
3.803320811122205214e+01
3.771068580583897756e+01
3.738567623039659082e+01
3.705841433503723437e+01
3.672898650289829448e+01
3.639747911711708639e+01
3.606405284433348868e+01
3.572886835118736570e+01
3.539201202081607534e+01
3.505364451985944640e+01
3.471385223145487231e+01
3.437287010574467416e+01
3.403078452586623115e+01
3.368775615845940052e+01
3.334394567016402533e+01
3.299943944411747054e+01
3.265432386345708693e+01
3.230883387832524534e+01
3.196305587185928232e+01
3.161707622719657351e+01
3.127112989447946134e+01
3.092522897334281140e+01
3.057953413042647739e+01
3.023420603237030591e+01
2.988933106231167613e+01
2.954499560338792108e+01
2.920128603873641282e+01
2.885843731849949734e+01
2.851653582581454671e+01
2.817559366031640167e+01
2.783584577214742239e+01
2.749737854444496676e+01
2.716035264384889913e+01
2.682485445349656317e+01
2.649104464002782322e+01
2.615900958658003717e+01
2.582890995979305160e+01
2.550075785930173566e+01
2.517478823524843889e+01
2.485101318726801978e+01
2.452944792038806199e+01
2.421034291171458364e+01
2.389380317674131149e+01
2.357993373096199008e+01
2.326876530636785745e+01
2.296047720195515396e+01
2.265517443321761704e+01
2.235296201564898766e+01
2.205401924824550264e+01
2.175837686299840001e+01
2.146621415890392370e+01
2.117748758445080526e+01
2.089245072213778798e+01
2.061120858745860929e+01
2.033371762890201140e+01
2.006023142896672695e+01
1.979070643614150171e+01
1.952532194942256893e+01
1.926418298430367315e+01
1.900724598927354592e+01
1.875476454683093053e+01
1.850669510546456920e+01
1.826314268066819579e+01
1.802428657143804713e+01
1.779008322626286898e+01
1.756063766063639164e+01
1.733605489005236677e+01
1.711643993000452113e+01
1.690182351248409631e+01
1.669223636948233747e+01
1.648778351649297846e+01
1.628856996900975673e+01
1.609462645902391387e+01
1.590598371852668969e+01
1.572267247950931868e+01
1.554479775746554182e+01
1.537239028438659894e+01
1.520548079226373162e+01
1.504410001308817435e+01
1.488835296235366634e+01
1.473819608854894625e+01
1.459373440716775860e+01
1.445499865020133257e+01
1.432201954964091684e+01
1.419482783747774235e+01
1.407345424570305603e+01
1.395792950630808882e+01
1.384828435128408408e+01
1.374447522911977870e+01
1.364653287180641250e+01
1.355456065697600465e+01
1.346850684380869723e+01
1.338839233712541521e+01
1.331423804174707470e+01
1.324591629548960192e+01
1.318359657017892062e+01
1.312715120363094989e+01
1.307667538416911235e+01
1.303204144960933242e+01
1.299334458827503092e+01
1.296053142148462989e+01
1.293354857055655316e+01
1.291241694031172038e+01
1.289715743557105654e+01
1.288764239415048429e+01
1.288396700437342091e+01
1.288600360405579437e+01
1.289377309801852434e+01
1.290729639108253224e+01
1.292637153756124313e+01
1.295116800928057899e+01
1.298155814405645891e+01
1.301748856320730852e+01
1.305898017155404744e+01
1.310597959041509952e+01
1.315835915760638919e+01
1.321613977794883432e+01
1.327934235626335990e+01
1.334783923036588682e+01
1.342157702157484067e+01
1.350050235120863817e+01
1.358463612408820431e+01
1.367385067802946530e+01
1.376816691785333546e+01
1.386738289787324696e+01
1.397159380641261350e+01
1.408067198128735775e+01
1.419456404381590708e+01
1.431321661531668177e+01
1.443657631710810740e+01
1.456451548700609955e+01
1.469705502983158141e+01
1.483414156690297858e+01
1.497557315253371257e+01
1.512137069154470659e+01
1.527148080525438267e+01
1.542585011498115932e+01
1.558427667503845981e+01
1.574685567374971207e+01
1.591338516542833226e+01
1.608388134803194447e+01
1.625819302505998110e+01
1.643616429314855409e+01
1.661786209944129666e+01
1.680298197356933798e+01
1.699159086267629704e+01
1.718338429639330300e+01
1.737850350536647781e+01
1.757664401922695063e+01
1.777779850161584463e+01
1.798181104916928419e+01
1.818860004202590019e+01
1.839808386032431642e+01
1.861018088420314953e+01
1.882466092679603875e+01
1.904151665174409658e+01
1.926059215568346161e+01
1.948180581875275053e+01
1.970500173758809126e+01
1.993009829232810759e+01
2.015693957960892391e+01
2.038551826307167758e+01
2.061560415584997230e+01
2.084718992158495610e+01
2.108011965691273915e+01
2.131431174197195588e+01
2.154961027339872004e+01
2.178600791483417254e+01
2.202334876291443067e+01
2.226155119777812175e+01
2.250045931606136662e+01
2.274006578140529911e+01
2.298006612344103772e+01
2.322052728931221210e+01
2.346129337565494666e+01
2.370228276260786160e+01
2.394326526330458904e+01
2.418430782488875508e+01
2.442518026049398117e+01
2.466580095025889108e+01
2.490616255782461863e+01
2.514610917982728111e+01
2.538548491290301001e+01
2.562428242069292494e+01
2.586227151633065802e+01
2.609951914695982467e+01
2.633579512571406411e+01
2.657109211623449241e+01
2.680517993165473456e+01
2.703805123561592083e+01
2.726969533645892341e+01
2.749986527081610532e+01
2.772853357052707324e+01
2.795567276743144447e+01
2.818110682636383046e+01
2.840473399566134560e+01
2.862645252366110071e+01
2.884630922570520184e+01
2.906397949962325811e+01
2.927958444425988915e+01
2.949287374094720704e+01
2.970374563802231549e+01
2.991217266732483537e+01
3.011812736069437335e+01
3.032135939946304148e+01
3.052184131547045354e+01
3.071954564055621617e+01
3.091437062305744377e+01
3.110621451131124360e+01
3.129504983715724009e+01
3.148070056543002693e+01
3.166313922796923208e+01
3.184226407311195572e+01
3.201804763269782228e+01
3.219046243856642775e+01
3.235933245555239068e+01
3.252470449899782778e+01
3.268640253373734339e+01
3.284432480810805544e+01
3.299859242095456580e+01
3.314888077010650136e+01
3.329531095440846400e+01
3.343778122219755033e+01
3.357611553830840023e+01
3.371036071808311618e+01
3.384041500985880191e+01
3.396632522897756701e+01
3.408791534027403713e+01
3.420523215909031478e+01
3.431824821726601016e+01
3.442686176313823410e+01
3.453111961204911040e+01
3.463099429583823508e+01
3.472630977934023377e+01
3.481711287789720188e+01
3.490337612334877093e+01
3.498499776403203754e+01
3.506202461528911840e+01
3.513428064195461786e+01
3.520188694287315911e+01
3.526466844978772741e+01
3.532282537958726465e+01
3.537618749855663225e+01
3.542473313998565487e+01
3.546858920416915595e+01
3.550765974089449628e+01
3.554192308345148632e+01
3.557143184863247853e+01
3.559609008622480530e+01
3.561595041302079068e+01
3.563099116231028063e+01
3.564119066738312114e+01
3.564652726152912976e+01
3.564705356154063765e+01
3.564282218421000437e+01
3.563373717932454099e+01
3.561999973068159164e+01
3.560143960456601064e+01
3.557825798477509238e+01
3.555035892109620477e+01
3.551779503032167895e+01
3.548061892924384608e+01
3.543880895115254503e+01
3.539241771284009985e+01
3.534134926409385713e+01
3.528573050520864740e+01
3.522553976947430954e+01
3.516075539018068241e+01
3.509150426762258235e+01
3.501776473508987664e+01
3.493958940937486801e+01
3.485695662376741666e+01
3.476991899505983952e+01
3.467860342354698844e+01
3.458291395901618870e+01
3.448297750176227083e+01
3.437877238507508793e+01
3.427042550924946340e+01
3.415784092407272965e+01
3.404121981334223079e+01
3.392039194334279983e+01
3.379563278137426607e+01
3.366677209372147672e+01
3.353401106418174749e+01
3.339725374254243206e+01
3.325662702909837520e+01
3.311210925713938025e+01
3.296375304345780677e+01
3.281168528834848530e+01
3.265595860860373989e+01
3.249655545212144858e+01
3.233362329223655962e+01
3.216716514988706166e+01
3.199748118002092667e+01
3.182442583657114099e+01
3.164822499098319497e+01
3.146895594769756244e+01
3.128654744414972910e+01
3.110122535178518532e+01
3.091306697504440493e+01
3.072207533486536946e+01
3.052832773568856695e+01
3.033197576545697416e+01
3.013302244510858330e+01
2.993161936258636402e+01
2.972784382233081146e+01
2.952177312878239945e+01
2.931341030287912020e+01
2.910298121606644273e+01
2.889056317278486574e+01
2.867608491046985719e+01
2.845984658406941392e+01
2.824177693101900743e+01
2.802202753926162160e+01
2.780067571323774089e+01
2.757787304089034919e+01
2.735354825965493220e+01
2.712792724097696251e+01
2.690101300579443588e+01
2.667295714205032908e+01
2.644368838718012071e+01
2.621343261262930113e+01
2.598219283933584123e+01
2.575004637174023969e+01
2.551714479778546618e+01
2.528356542191200518e+01
2.504938554856035182e+01
2.481468248217097283e+01
2.457953352718435625e+01
2.434409027154348948e+01
2.410835573618635053e+01
2.387248150905591970e+01
2.363647061109018566e+01
2.340040034672962932e+01
2.316442230391723101e+01
2.292846522008847643e+01
2.269275496668884884e+01
2.245729456465632978e+01
2.222216131843139308e+01
2.198743253245453744e+01
2.175318884144757448e+01
2.151952420125769194e+01
2.128646161451091245e+01
2.105417265083825384e+01
2.082275459636824877e+01
2.059230473722940857e+01
2.036277179254526359e+01
2.013440161544933815e+01
1.990714292506514482e+01
1.968116729102372275e+01
1.945649771595108390e+01
1.923330576947825321e+01
1.901161445423124974e+01
1.879152105633860259e+01
1.857304857842633439e+01
1.835636859012546651e+01
1.814150409406202158e+01
1.792855237636452159e+01
1.771761072316148855e+01
1.750870213707895573e+01
1.730192390424543092e+01
1.709737331078944678e+01
1.689499907583452654e+01
1.669504705251418386e+01
1.649746595995195264e+01
1.630235308427635132e+01
1.610973142811340253e+01
1.591969827759162825e+01
1.573227663533705289e+01
1.554756378747819845e+01
1.536565702014359047e+01
1.518657933595924980e+01
1.501035373755119906e+01
1.483700322754546264e+01
1.466669937557306547e+01
1.449939090075752546e+01
1.433510080572486878e+01
1.417400066010611503e+01
1.401611346652729218e+01
1.386138794411191810e+01
1.370992137898852015e+01
1.356173677378311737e+01
1.341685713112173950e+01
1.327537973713290320e+01
1.313732759444263110e+01
1.300272370567694935e+01
1.287159107346188058e+01
1.274395270042344563e+01
1.261990587269016828e+01
1.249939930938557353e+01
1.238252997329082561e+01
1.226924496679266063e+01
1.215963963593545927e+01
1.205373504326110279e+01
1.195147796780896599e+01
1.185296375562343663e+01
1.175821346924639066e+01
1.166709960421470704e+01
1.157979179007526582e+01
1.149631108936994828e+01
1.141652999763563336e+01
1.134054386091670175e+01
1.126837374175503292e+01
1.119996641919000702e+01
1.113541723926600291e+01
1.107467298102240072e+01
1.101768042349858234e+01
1.096460919624142605e+01
1.091525751128531141e+01
1.086979499817711670e+01
1.082809415245372620e+01
1.079025032015951879e+01
1.075613599683137167e+01
1.072592081201616665e+01
1.069940297774828331e+01
1.067675212357459991e+01
1.065784074503199896e+01
1.064261562115985882e+01
1.063124638150505952e+01
1.062353123810198063e+01
1.061963982049750577e+01
1.061937034072600916e+01
1.062281814483187503e+01
1.062993001185447994e+01
1.064072700433570517e+01
1.065508161781243146e+01
1.067308919832903769e+01
1.069469652492490575e+01
1.071985037663941220e+01
1.074857181601443834e+01
1.078073333858686667e+01
1.081643029040107251e+01
1.085560945049643955e+01
1.089814331440984496e+01
1.094412722818566941e+01
1.099350797086329479e+01
1.104615803797960005e+01
1.110217277557896232e+01
1.116142467919826409e+01
1.122393481137938664e+01
1.128964658632377649e+01
1.135848995888117408e+01
1.143046580256588207e+01
1.150542642388721148e+01
1.158344697986196437e+01
1.166430549349694878e+01
1.174807712180897035e+01
1.183468845480984122e+01
1.192399179900886175e+01
1.201598802792033993e+01
1.211060373155608438e+01
1.220783978343039777e+01
1.230754849005259288e+01
1.240965644143447122e+01
1.251423879459284016e+01
1.262114785603700895e+01
1.273031021577877908e+01
1.284165246382996450e+01
1.295517547370486433e+01
1.307073155191278957e+01
1.318832157196804644e+01
1.330794640738493939e+01
1.342938408117027826e+01
1.355263546683836751e+01
1.367762715440101573e+01
1.380436001737252916e+01
1.393276064576470752e+01
1.406268134608686715e+01
1.419412299185330895e+01
1.432701217307584152e+01
1.446127547976627703e+01
1.459691378543890572e+01
1.473370511310054987e+01
1.487172461976801152e+01
1.501089889545309930e+01
1.515108024666511533e+01
1.529219526341586821e+01
1.543431910272216179e+01
1.557722978759080590e+01
1.572100247503860793e+01
1.586548947157487177e+01
1.601069165071390898e+01
1.615646131896501814e+01
1.630287363334501194e+01
1.644970661686069491e+01
1.659696114302637682e+01
1.674463808535635678e+01
1.689266403386245230e+01
1.704089129505396016e+01
1.718932074244519370e+01
1.733787583197888793e+01
1.748646748332153678e+01
1.763507776557307594e+01
1.778361446433091686e+01
1.793191108168999293e+01
1.808002397025272856e+01
1.822786091561655653e+01
1.837525541987638888e+01
1.852226383563466783e+01
1.866871966498630542e+01
1.881460497703124091e+01
1.895982755736689640e+01
1.910436947509319339e+01
1.924813851580755752e+01
1.939104246510742158e+01
1.953298910859020765e+01
1.967403479885834372e+01
1.981401303800675606e+01
1.995283161163287389e+01
2.009054687233911451e+01
2.022691803871791194e+01
2.036207574687418997e+01
2.049585349890287134e+01
2.062815908040138879e+01
2.075904884397216676e+01
2.088843057521263091e+01
2.101621205972020334e+01
2.114244965009732269e+01
2.126697684843889746e+01
2.138977572384486692e+01
2.151082834541515254e+01
2.163011678224968648e+01
2.174747453644338435e+01
2.186295796059867769e+01
2.197640055681049631e+01
2.208785867768126465e+01
2.219724010880840126e+01
2.230445263578934245e+01
2.240955261122651265e+01
2.251244782071733397e+01
2.261312033336173499e+01
2.271147793475714494e+01
2.280750269400348174e+01
2.290117668020068109e+01
2.299240767894616511e+01
2.308125204284235821e+01
2.316761755748668961e+01
2.325148629197908789e+01
2.333284031541947101e+01
2.341158741340527172e+01
2.348778371365737883e+01
2.356133587736553636e+01
2.363215034083795274e+01
2.370035639089034873e+01
2.376578618032841916e+01
2.382849471246537831e+01
2.388838842360943815e+01
2.394544803357130291e+01
2.399965426216168751e+01
2.405106211269379912e+01
2.409972658848084492e+01
2.414547984232853750e+01
2.418837687755009114e+01
2.422847269745870236e+01
2.426574802186508961e+01
2.430010928707745776e+01
2.433153721290652172e+01
2.436008680266548865e+01
2.438566449266256342e+01
2.440839956971346325e+01
2.442804990312139068e+01
2.444481906320455877e+01
2.445861348627117948e+01
2.446941389213195706e+01
2.447727528410009867e+01
2.448225266548882217e+01
2.448417818910382948e+01
2.448318114176083427e+01
2.447924224327054432e+01
2.447226792994117162e+01
2.446238748858841916e+01
2.444950735552050247e+01
2.443368253405063228e+01
2.441489374398951284e+01
2.439304742164535256e+01
2.436827285383386510e+01
2.434062504386825765e+01
2.430993614455424279e+01
2.427633544270752708e+01
2.423987794164131770e+01
2.420054436116633312e+01
2.415831542109327046e+01
2.411324612473534756e+01
2.406539147540577162e+01
2.401465790941275102e+01
2.396102614656699359e+01
2.390469975718671591e+01
2.384551089407761992e+01
2.378351456055291635e+01
2.371869147642331654e+01
2.365117348797449282e+01
2.358095411236696393e+01
2.350802942623121439e+01
2.343239550619772871e+01
2.335419699590198306e+01
2.327342997197447261e+01
2.319016479454817059e+01
2.310432325675106213e+01
2.301605000221863406e+01
2.292541539108386672e+01
2.283234121647474524e+01
2.273697212202675288e+01
2.263930418437037062e+01
2.253940776363858234e+01
2.243727893646187255e+01
2.233291377947071865e+01
2.222653121980311397e+01
2.211797876708454069e+01
2.200732678144797205e+01
2.189471990652889843e+01
2.178007993545530141e+01
2.166355151186266426e+01
2.154513071238147148e+01
2.142488789714470343e+01
2.130289342628534754e+01
2.117921765993638417e+01
2.105393095823079719e+01
2.092695511429657529e+01
2.079843477176918753e+01
2.066844029078163203e+01
2.053689346446188324e+01
2.040393893644542445e+01
2.026957278336274371e+01
2.013379108184432553e+01
1.999673847552564609e+01
1.985841104103719346e+01
1.971880485500944857e+01
1.957806456107789117e+01
1.943611195237051703e+01
1.929316595602529816e+01
1.914914836517021968e+01
1.900412953993826548e+01
1.885810555695992008e+01
1.871122105987067030e+01
1.856347212530098645e+01
1.841478054637886785e+01
1.826536525024228652e+01
1.811514803001923113e+01
1.796419924584268202e+01
1.781266354134812246e+01
1.766039121038750892e+01
1.750761510123117048e+01
1.735442227937090820e+01
1.720067695979101785e+01
1.704668905849080929e+01
1.689232279045457830e+01
1.673766522117412592e+01
1.658287769964375613e+01
1.642789872435026055e+01
1.627288964428795381e+01
1.611778895794363109e+01
1.596268373080908987e+01
1.580766102837613296e+01
1.565273363263406381e+01
1.549798860907468168e+01
1.534351302318978583e+01
1.518931965696867792e+01
1.503542129240065961e+01
1.488190499497753372e+01
1.472878354668860013e+01
1.457621829652815748e+01
1.442414774298300806e+01
1.427273323504745228e+01
1.412191327120829065e+01
1.397177491695732421e+01
1.382233095428385816e+01
1.367374273218218939e+01
1.352587446563662077e+01
1.337896178714394679e+01
1.323294319519097861e+01
1.308783147176700723e+01
1.294371368236384434e+01
1.280067689247328033e+01
1.265865960058212281e+01
1.251774887218216925e+01
1.237803177276522071e+01
1.223952108432058239e+01
1.210222958883755062e+01
1.196624435180792823e+01
1.183157815522101508e+01
1.169824378106611285e+01
1.156632829483502256e+01
1.143577019501454650e+01
1.130673083059898332e+01
1.117914870007513173e+01
1.105311086893479811e+01
1.092855583566478117e+01
1.080564494925938135e+01
1.068431670820539914e+01
1.056458389449213797e+01
1.044653417847269061e+01
1.033018336644283153e+01
1.021554786955963401e+01
1.010264409898016780e+01
9.991562749364002016e+00
9.882245948365708799e+00
9.774784390644853715e+00
9.669120203856012452e+00
9.565388652760253407e+00
9.463539293362396521e+00
9.363603393520008922e+00
9.265612221090668399e+00
9.169582187231435810e+00
9.075529703099388001e+00
8.983486036552092102e+00
8.893467598746619629e+00
8.805483372489792515e+00
8.719564625639177891e+00
8.635720341001595912e+00
8.553966929734118096e+00
8.474320802993814183e+00
8.396783515237258300e+00
8.321371477621514856e+00
8.248101101303655369e+00
8.176981369090499996e+00
8.108028692139122029e+00
8.041244624906088490e+00
7.976638150198221311e+00
7.914218250822340650e+00
7.853993909585264888e+00
7.795966680943565486e+00
7.740152976054312184e+00
7.686554349374075557e+00
7.635164927009176594e+00
7.586001120116685037e+00
7.539057054802920987e+00
7.494334285524454131e+00
7.451841795088104625e+00
7.411573709600193460e+00
7.373531583517290322e+00
7.337724399646214479e+00
7.304131427392788645e+00
7.272761649563832975e+00
7.243601763915412661e+00
7.216668181604604548e+00
7.191940172037225132e+00
7.169419289669844098e+00
7.149092232258533741e+00
7.130967982610113332e+00
7.115025810130403805e+00
7.101265486370104796e+00
7.089672222906198584e+00
7.080222020059542487e+00
7.072898306501247845e+00
7.067677082552175527e+00
7.064541776883435098e+00
7.063468389815885651e+00
7.064432921670391607e+00
7.067418801118057203e+00
7.072402028479749525e+00
7.079358604076323225e+00
7.088257099878392253e+00
7.099088372907313982e+00
7.111820995133702361e+00
7.126430966878413820e+00
7.142894288462311003e+00
7.161186960206255669e+00
7.181284982431106023e+00
7.203156927107471574e+00
7.226778794556213192e+00
7.252089443346942055e+00
7.279154014003518469e+00
7.307881651694553504e+00
7.338203786639405202e+00
7.370126132559934540e+00
7.403728686680504545e+00
7.438794312215471827e+00
7.475403006389199412e+00
7.513560482923544726e+00
7.553198172037871139e+00
7.594247503951536693e+00
7.636714192386404143e+00
7.680529667561831531e+00
7.725773926702181882e+00
7.772304116524311191e+00
7.820125950750083987e+00
7.869245143101356810e+00
7.919593123797494805e+00
7.971175606560353621e+00
8.023924021609296631e+00
8.077844082666183922e+00
8.132792936447872378e+00
8.188924863681226185e+00
8.246097011083104888e+00
8.304240808872867419e+00
8.363436254274873249e+00
8.423614777508488416e+00
8.484707808793066519e+00
8.546721061850471202e+00
8.609585966900063170e+00
8.673305915678508171e+00
8.737800728479209411e+00
8.803136470615369191e+00
8.869082073390201160e+00
8.935777885619408778e+00
9.003067122108703302e+00
9.071015848171287033e+00
9.139467278612873002e+00
9.208413195244164129e+00
9.277845379875872212e+00
9.347755614318701944e+00
9.417987113378362807e+00
9.488605942368060653e+00
9.559603883098503729e+00
9.630749866872898579e+00
9.702184242506955769e+00
9.773824508308880610e+00
9.845588162586880188e+00
9.917466987151664526e+00
9.989452763813940095e+00
1.006146299088191398e+01
1.013348945016629266e+01
1.020552392347778614e+01
1.027740962562210214e+01
1.034921262191244473e+01
1.042085041065702455e+01
1.049238905716904924e+01
1.056367177625422471e+01
1.063469034972325744e+01
1.070551084288936039e+01
1.077590218705573655e+01
1.084600473103809470e+01
1.091573597314464372e+01
1.098508769518608830e+01
1.105390311196813968e+01
1.112224828880400018e+01
1.119011500750438337e+01
1.125742076637749456e+01
1.132415734723403844e+01
1.139031653188472681e+01
1.145581581863776499e+01
1.152064698930386122e+01
1.158480182569372374e+01
1.164827210961805903e+01
1.171104962288757534e+01
1.177305186381048152e+01
1.183427061419748050e+01
1.189462337235678291e+01
1.195417620360159816e+01
1.201284660624013156e+01
1.207062554749337302e+01
1.212742645272093611e+01
1.218338478320021068e+01
1.223826458269609674e+01
1.229220131248598236e+01
1.234510758333976810e+01
1.239697028952984503e+01
1.244777632532860601e+01
1.249751258500844564e+01
1.254609167933926095e+01
1.259350050259344478e+01
1.263980023254588758e+01
1.268490347996648993e+01
1.272879713912763933e+01
1.277146810430173396e+01
1.281282898625866729e+01
1.285301524627583269e+01
1.289186521162062604e+01
1.292951434357043894e+01
1.296580096939266546e+01
1.300078626686220495e+01
1.303438284674894376e+01
1.306672617033028416e+01
1.309772884837611251e+01
1.312730349165632937e+01
1.315551127794582342e+01
1.318233910151699284e+01
1.320777385664223225e+01
1.323172815409143155e+01
1.325426317163948831e+01
1.327536580355879536e+01
1.329509722762424673e+01
1.331329577110323825e+01
1.333002261177065861e+01
1.334526464389891132e+01
1.335900876176038388e+01
1.337131614312997208e+01
1.338209939877756760e+01
1.339141970647806801e+01
1.339918967700136676e+01
1.340547048812235964e+01
1.341024903411343416e+01
1.341351220924699206e+01
1.341524690779542439e+01
1.341544002403112401e+01
1.341407845222648731e+01
1.341122337015640475e+01
1.340678738859077690e+01
1.340083168530449420e+01
1.339326887106744834e+01
1.338416125821420444e+01
1.337350141381549484e+01
1.336135732300421886e+01
1.334772268741077994e+01
1.333251692516307507e+01
1.331580802139400710e+01
1.329766396123647532e+01
1.327807844632088319e+01
1.325704517827762707e+01
1.323448357523461105e+01
1.321053590582723380e+01
1.318519587168589702e+01
1.315838289093849944e+01
1.313016494871794393e+01
1.310053574665462861e+01
1.306956326988145634e+01
1.303716693652632763e+01
1.300348901522464118e+01
1.296837464060179990e+01
1.293204036479570185e+01
1.289440560593425111e+01
1.285546406564784405e+01
1.281520944556688235e+01
1.277370973082427064e+01
1.273095862305040527e+01
1.268702410737818553e+01
1.264182560193551730e+01
1.259535680835279692e+01
1.254783427876792601e+01
1.249902886430380633e+01
1.244915711709833772e+01
1.239813845527942249e+01
1.234596658047745699e+01
1.229278376132784345e+01
1.223850941595848418e+01
1.218313724599977910e+01
1.212680952008712865e+01
1.206944565634843336e+01
1.201111363991659431e+01
1.195173288891951024e+01
1.189144567199258518e+01
1.183017140726371430e+01
1.176797807986580402e+01
1.170493367493175185e+01
1.164095761058946010e+01
1.157604358846932513e+01
1.151033387720675272e+01
1.144382217843213745e+01
1.137642791027339051e+01
1.130821905786340054e+01
1.123926544334024946e+01
1.116956995336021663e+01
1.109913731158475514e+01
1.102797224167532164e+01
1.095622803429836623e+01
1.088376084611035033e+01
1.081072396777772049e+01
1.073712212296193691e+01
1.066296003532445269e+01
1.058831671202922386e+01
1.051312259323520060e+01
1.043745668610634070e+01
1.036132371430409904e+01
1.028480268499242989e+01
1.020789832183278811e+01
1.013068963198912620e+01
1.005310705562040141e+01
9.975229599890564458e+00
9.897136271963573151e+00
9.818757511998382981e+00
9.740246610661445814e+00
9.661489438010216091e+00
9.582616999660402257e+00
9.503619162572952916e+00
9.424515507109829215e+00
9.345340470333480809e+00
9.266113632605863515e+00
9.186862002639182734e+00
9.107605160795390731e+00
9.028377544136944266e+00
8.949206161376050517e+00
8.870103164524408612e+00
8.791110418994726672e+00
8.712247505148956961e+00
8.633541431699306656e+00
8.555004350657478440e+00
8.476655842385426354e+00
8.398530343945607157e+00
8.320640007349723533e+00
8.243011841309980881e+00
8.165657997838081883e+00
8.088605485646235493e+00
8.011881313446641784e+00
7.935505061601258348e+00
7.859496310472037450e+00
7.783874640420935798e+00
7.708659631809906543e+00
7.633885721701404670e+00
7.559557633756884165e+00
7.485702376688550430e+00
7.412325549560401683e+00
7.339451109747106905e+00
7.267111318376134221e+00
7.195316151524194126e+00
7.124090441968503384e+00
7.053451594136025626e+00
6.983431869154226312e+00
6.914041243099817713e+00
6.845297120399766122e+00
6.777231762181537000e+00
6.709855144521840842e+00
6.643192100197896188e+00
6.577252605286414422e+00
6.512068920914862780e+00
6.447643594809702172e+00
6.384001459748152030e+00
6.321159920157171541e+00
6.259128952113477418e+00
6.197925960044035953e+00
6.137575776726057697e+00
6.078080949886010664e+00
6.019458883950857597e+00
5.961719554997312542e+00
5.904887795802590489e+00
5.848973582443405483e+00
5.793979462646222878e+00
5.739930269188256773e+00
5.686828549795971632e+00
5.634699137246580669e+00
5.583537150916300540e+00
5.533367423582343569e+00
5.484199931321424692e+00
5.436037221860010149e+00
5.388904127975311376e+00
5.342788340693294558e+00
5.297714692791174684e+00
5.253685731995416219e+00
5.210704006032480962e+00
5.168786919329336094e+00
5.127937019612445191e+00
5.088164282958523188e+00
5.049471257094032772e+00
5.011860489745441072e+00
4.975341956989459469e+00
4.939925634902804674e+00
4.905606642861688904e+00
4.872394956942829758e+00
4.840300553222940394e+00
4.809311122727984333e+00
4.779444069884926094e+00
4.750701297448934213e+00
4.723067271589489913e+00
4.696555526905775046e+00
4.671164741296476741e+00
4.646886164310027212e+00
4.623711045494862226e+00
4.601652919450164525e+00
4.580695607374118516e+00
4.560837787165409551e+00
4.542078136722720316e+00
4.524415333944735274e+00
4.507840628379890191e+00
4.492352697926867755e+00
4.477942792134102845e+00
4.464602160550028565e+00
4.452329481073330264e+00
4.441123431602691518e+00
4.430967833336296735e+00
4.421861364172830378e+00
4.413795273660725549e+00
4.406768239698667600e+00
4.400764083484840938e+00
4.395788911268179611e+00
4.391819115896616665e+00
4.388853375268836565e+00
4.386890367283524661e+00
4.385913913138865361e+00
4.385915262383290880e+00
4.386885664565236098e+00
4.388816369233135894e+00
4.391698625935424261e+00
4.395531112570785659e+00
4.400290221987154027e+00
4.405982060433462522e+00
4.412583020757646857e+00
4.420084352508140135e+00
4.428484733583627708e+00
4.437775413532542679e+00
4.447932785202819872e+00
4.458962954843393334e+00
4.470842315302196113e+00
4.483569544477915336e+00
4.497121035218482277e+00
4.511502893772832756e+00
4.526691512988898936e+00
4.542670714064867887e+00
4.559446603249671881e+00
4.576995573391245742e+00
4.595308874038023461e+00
4.614377754738439030e+00
4.634184658552829461e+00
4.654713944340391762e+00
4.675941164472223299e+00
4.697849299669674572e+00
4.720428759004343000e+00
4.743640238146828558e+00
4.767481574518980025e+00
4.791928320491894766e+00
4.816963456786924169e+00
4.842555107424914240e+00
4.868693681477467727e+00
4.895362159665928914e+00
4.922536094361399606e+00
4.950191037934978056e+00
4.978309971108012988e+00
5.006875874601854015e+00
5.035864300787598502e+00
5.065265658736846532e+00
5.095048072470446776e+00
5.125209379410247124e+00
5.155717703577098021e+00
5.186570882392848247e+00
5.217737039878344696e+00
5.249206585105187450e+00
5.280955070444477428e+00
5.312965476617559801e+00
5.345228212696035541e+00
5.377711402700753318e+00
5.410405455703312327e+00
5.443285924074810822e+00
5.476335788536598415e+00
5.509538029810022941e+00
5.542883056966683597e+00
5.576346422377679524e+00
5.609911106764360333e+00
5.643567519198322557e+00
5.677291212050668001e+00
5.711072594392994084e+00
5.744887218596399059e+00
5.778732922082732593e+00
5.812570400522592884e+00
5.846404919688080959e+00
5.880204603600041935e+00
5.913959861330077672e+00
5.947653673599537782e+00
5.981269021129768326e+00
6.014796312992368499e+00
6.048218529908690577e+00
6.081526080950328428e+00
6.114701946838635216e+00
6.147735698471771926e+00
6.180606125703910436e+00
6.213298608566034886e+00
6.245791098738882496e+00
6.278068976253437405e+00
6.310117621140685529e+00
6.341907556731112727e+00
6.373424163055703140e+00
6.404652820145443570e+00
6.435578908031319045e+00
6.466187806744314592e+00
6.496464896315416127e+00
6.526380700075107733e+00
6.555942883105127628e+00
6.585121968735958120e+00
6.613903336998586902e+00
6.642279796274247694e+00
6.670236726593927301e+00
6.697759507988610750e+00
6.724840948839532651e+00
6.751459000827429335e+00
6.777606472333536303e+00
6.803276171739089051e+00
6.828446050724820360e+00
6.853101489321719697e+00
6.877242724261270368e+00
6.900840278873958233e+00
6.923894389891270151e+00
6.946390437344188484e+00
6.968313801263699148e+00
6.989657290031040304e+00
7.010413712027444788e+00
7.030568447283897626e+00
7.050129160882137036e+00
7.069073804502896685e+00
7.087410043227912126e+00
7.105115828737918804e+00
7.122198826114652270e+00
7.138629558688597498e+00
7.154423119891740512e+00
7.169550033054566285e+00
7.184010534908560786e+00
7.197804862185209096e+00
7.210910966565247548e+00
7.223321656429908977e+00
7.235044596860931598e+00
7.246072596239549135e+00
7.256391034596748391e+00
7.266000148664014446e+00
7.274892746822580136e+00
7.283069347571530905e+00
7.290516739779844713e+00
7.297236850784591944e+00
7.303231607922842983e+00
7.308480653480925682e+00
7.312993343146162672e+00
7.316764175905375645e+00
7.319787650745386287e+00
7.322065695003271202e+00
7.323600236016101661e+00
7.324385772770701131e+00
7.324439089304643602e+00
7.323762112955000347e+00
7.322341914358347026e+00
7.320195277552254964e+00
7.317309273173298934e+00
7.313700685259050260e+00
7.309356584446082827e+00
7.304286326421721043e+00
7.298491838523036179e+00
7.291960191386602119e+00
7.284700740699742383e+00
7.276722842149780490e+00
7.268013566373289436e+00
7.258597125758091906e+00
7.248468019291012254e+00
7.237620745958871282e+00
7.226079518149495229e+00
7.213831406499453536e+00
7.200885766696074164e+00
7.187237097726175250e+00
7.172902183627335226e+00
7.157875523386374006e+00
7.142159044340361973e+00
7.125754673826378394e+00
7.108671767531743235e+00
7.090919681143780906e+00
7.072485485299063512e+00
7.053400820735664212e+00
7.033652758090155999e+00
7.013258081400114641e+00
6.992218718002609634e+00
6.970551451935216747e+00
6.948250782184757668e+00
6.925318636088307223e+00
6.901771797683435850e+00
6.877604765956969679e+00
6.852826896596231343e+00
6.827440116938291226e+00
6.801453782670476400e+00
6.774863396930714821e+00
6.747698192862364941e+00
6.719951266008640900e+00
6.691645425313756057e+00
6.662796051371677741e+00
6.633403668075867010e+00
6.603491084370540776e+00
6.573066252499412343e+00
6.542137124706197682e+00
6.510726509935110151e+00
6.478834932079613473e+00
6.446485200083924560e+00
6.413677837841504470e+00
6.380443082646820585e+00
6.346774030043087045e+00
6.312693488974517209e+00
6.278216840035075741e+00
6.243344607118228140e+00
6.208092170817938182e+00
6.172474911728170532e+00
6.136500782092640272e+00
6.100192590855560759e+00
6.063550861910396605e+00
6.026598404201362946e+00
5.989343169972174863e+00
5.951807968167045715e+00
5.913993322679440112e+00
5.875929470803822774e+00
5.837609508083407839e+00
5.799063671812660026e+00
5.760285057534795250e+00
5.721296474194025983e+00
5.682098445683817722e+00
5.642713780948383828e+00
5.603150432231441158e+00
5.563408923426452546e+00
5.523519491827881822e+00
5.483475232978945790e+00
5.443298955823856033e+00
5.403006040956579881e+00
5.362597012270579278e+00
5.322087250359819777e+00
5.281492135818267819e+00
5.240812192539385350e+00
5.200070229467387506e+00
5.159259342145488425e+00
5.118402339517903243e+00
5.077499745478097459e+00
5.036566940620033961e+00
4.995619305537677413e+00
4.954658016602259352e+00
4.913694288446332159e+00
4.872754844880713421e+00
4.831844124665469309e+00
4.790973994910919131e+00
4.750171179427883139e+00
4.709432688626176144e+00
4.668785246316617510e+00
4.628225862909025601e+00
4.587773833863966644e+00
4.547433597941512140e+00
4.507231878952478787e+00
4.467165687306682287e+00
4.427246890114442834e+00
4.387494782836330209e+00
4.347921232582658391e+00
4.308523249763248408e+00
4.269327558188917848e+00
4.230338596619733771e+00
4.191568232166015484e+00
4.153028331938080520e+00
4.114723334695997714e+00
4.076665107550082823e+00
4.038872945960907401e+00
4.001336431988036679e+00
3.964082289442289575e+00
3.927114957083734925e+00
3.890438873672438902e+00
3.854065906318721701e+00
3.818007922132900855e+00
3.782261931524793841e+00
3.746847229954969105e+00
3.711768256183495041e+00
3.677036877320688735e+00
3.642650103776369441e+00
3.608619802660854248e+00
3.574957841084462462e+00
3.541668657807260701e+00
3.508764119939567827e+00
3.476241237891201763e+00
3.444111878772480928e+00
3.412387909693722854e+00
3.381066341064745462e+00
3.350159039995867616e+00
3.319670445247157264e+00
3.289597567228431885e+00
3.259959701400260812e+00
3.230753858172460191e+00
3.201984476305099747e+00
3.173655994558246984e+00
3.145773107423921022e+00
3.118341532321951881e+00
3.091367242404119864e+00
3.064856210822203497e+00
3.038821839078234888e+00
3.013255243623492952e+00
2.988169825960009796e+00
2.963564130889314807e+00
2.939444131563187845e+00
2.915823229483660128e+00
2.892692541102011461e+00
2.870058039570022146e+00
2.847933126389722958e+00
2.826308918012394589e+00
2.805198815940066481e+00
2.784601364974268911e+00
2.764522538266783513e+00
2.744960880619139232e+00
2.725929793533366841e+00
2.707412965110497005e+00
2.689431225202810083e+00
2.671975690261586323e+00
2.655052333438606471e+00
2.638659699535399472e+00
2.622811190053996544e+00
2.607490493095428796e+00
2.592711010161725671e+00
2.578471286054417444e+00
2.564777293925285306e+00
2.551620150225609063e+00
2.539005828107168572e+00
2.526940300721745025e+00
2.515414684520618227e+00
2.504434952655568924e+00
2.494007078278376976e+00
2.484122177840323520e+00
2.474778796142938386e+00
2.465990334688251462e+00
2.457740481577293856e+00
2.450042638312095900e+00
2.442887921343937396e+00
2.436282303824599094e+00
2.430216902205361684e+00
2.424697689638004583e+00
2.419730639274308537e+00
2.415299439215303767e+00
2.411417490963021937e+00
2.408075910968741518e+00
2.405273244033993674e+00
2.403015463310559152e+00
2.401291868734410695e+00
2.400091922530549926e+00
2.399410698758917881e+00
2.399235843129209123e+00
2.399547573000865519e+00
2.400333534083581188e+00
2.401588800437298943e+00
2.403293589421461984e+00
2.405442975096013125e+00
2.408017174820396011e+00
2.411011262654553011e+00
2.414405455957928215e+00
2.418187400440213963e+00
2.422352170161354401e+00
2.426879982480791842e+00
2.431758483108219071e+00
2.436975317753329762e+00
2.442525560476067170e+00
2.448382000285624471e+00
2.454547139592194505e+00
2.460993767404970001e+00
2.467716957783895104e+00
2.474704356438662600e+00
2.481936180728714803e+00
2.489407504713996300e+00
2.497105974104198989e+00
2.505011806258766516e+00
2.513112646887391666e+00
2.521403570050018139e+00
2.529864793106088694e+00
2.538491390115547031e+00
2.547263578437835463e+00
2.556176432132896803e+00
2.565210168560175585e+00
2.574352433429364151e+00
2.583598300800405312e+00
2.592920559682493131e+00
2.602321712485820004e+00
2.611781976569829133e+00
2.621281569293963720e+00
2.630822993068417048e+00
2.640386465252632764e+00
2.649959631556302764e+00
2.659537566039371193e+00
2.669093057711030337e+00
2.678628608981473480e+00
2.688124437210145157e+00
2.697575616456986847e+00
2.706954935731192169e+00
2.716264897442954851e+00
