# te
3.580237311709284942e+00
4.383545777210507310e+00
4.381635574702993807e+00
3.936372427666413376e+00
3.313302131823854246e+00
2.674806850260233571e+00
2.113829237812285822e+00
1.668461105025171420e+00
1.352271665185445171e+00
1.162523670966719491e+00
1.083016632583003069e+00
1.082819837022274356e+00
1.122917938896288215e+00
1.180044122803174167e+00
1.246308199947136375e+00
1.312037049867716965e+00
1.370168855936397145e+00
1.422454630570768153e+00
1.464680136299280511e+00
1.506874767226706657e+00
1.555568135940887942e+00
1.612572682627370302e+00
1.677614541651835767e+00
1.742334786352810250e+00
1.808472959368633726e+00
1.873290832631804737e+00
1.928212054385287422e+00
1.975023535403747532e+00
2.004468485495461305e+00
2.026738416561450595e+00
2.036790822957813774e+00
2.033584885608205273e+00
2.019677283622828945e+00
1.991039221969277628e+00
1.962595576352962112e+00
1.927741331225426791e+00
1.886218750067184535e+00
1.835082580758976789e+00
1.769694294122227118e+00
1.686667585230661626e+00
1.587558191014962983e+00
1.474758085044115763e+00
1.349054717233104439e+00
1.210930975136663923e+00
1.061046243082397034e+00
8.989088049268832981e-01
7.237205985333199365e-01
5.347578452674046634e-01
3.314356766445100688e-01
1.134449000096450222e-01
-1.186230251004374986e-01
-3.641614012791131172e-01
-6.234226941096726593e-01
-8.970290038838468760e-01
-1.186120537661581764e+00
-1.491345068801362750e+00
-1.812548013889451193e+00
-2.149287312357432533e+00
-2.500704916022893354e+00
-2.866046464400592964e+00
-3.245328908605993323e+00
-3.638776884355226837e+00
-4.046607599014180323e+00
-4.469097686750735932e+00
-4.906535968745793674e+00
-5.358420610654052396e+00
-5.824046542985973574e+00
-6.302738409653020568e+00
-6.794013991673157449e+00
-7.297686443530112754e+00
-7.814579561514932493e+00
-8.345552523125684630e+00
-8.890394823424434989e+00
-9.448561681711995064e+00
-1.001943869389992159e+01
-1.060159812112473077e+01
-1.119463456862042783e+01
-1.179843977563102086e+01
-1.241305404840551674e+01
-1.303827405771905568e+01
-1.367366476747633008e+01
-1.431891892362066265e+01
-1.497343213808538209e+01
-1.563697144031631581e+01
-1.630888574561923221e+01
-1.698856003329717623e+01
-1.767533258602563606e+01
-1.836861596998259927e+01
-1.906797131835105219e+01
-1.977275614990699992e+01
-2.048270206183848074e+01
-2.119726275342405231e+01
-2.191618905795226624e+01
-2.263893467470168019e+01
-2.336502758645334765e+01
-2.409399577598832209e+01
-2.482536722608766055e+01
-2.555859563602991713e+01
-2.629313470509364237e+01
-2.702843813255739747e+01
-2.776418246820723468e+01
-2.849952427731170701e+01
-2.923406582615436378e+01
-2.996718653051127745e+01
-3.069819152265598206e+01
-3.142660878536954527e+01
-3.215181773442801472e+01
-3.287312350210495993e+01
-3.359005407118141306e+01
-3.430205321292279308e+01
-3.500830213603445173e+01
-3.570834353872108835e+01
-3.640142298517740471e+01
-3.708693460660309427e+01
-3.776427253419786467e+01
-3.843275661565891710e+01
-3.909170669868344561e+01
-3.974059119797365724e+01
-4.037872996122675318e+01
-4.100544283613994168e+01
-4.162019823741540137e+01
-4.222231601275036184e+01
-4.281111600984201004e+01
-4.338606664339254593e+01
-4.394656204460167004e+01
-4.449192206116659065e+01
-4.502161510778949349e+01
-4.553503531567010043e+01
-4.603150253250559842e+01
-4.651049417362280991e+01
-4.697144937334447690e+01
-4.741389055012047038e+01
-4.783719155539565548e+01
-4.824102337462487355e+01
-4.862468557575051875e+01
-4.898770057722244076e+01
-4.932966508099300995e+01
-4.965010150551206891e+01
-4.994853226922950284e+01
-5.022455407409767503e+01
-5.047761505506393576e+01
-5.070738619758315480e+01
-5.091338992010518893e+01
-5.109507435757742400e+01
-5.125218477895719360e+01
-5.138409503568939130e+01
-5.149047611322885132e+01
-5.157085043002545177e+01
-5.162474040452905655e+01
-5.165181764517439689e+01
-5.165175625231564283e+01
-5.162423094928683298e+01
-5.156906502642701895e+01
-5.148585892356773286e+01
-5.137443593104802630e+01
-5.123447077220193790e+01
-5.106571245386601277e+01
-5.086790998287678889e+01
-5.064088664957329655e+01
-5.038431717728959569e+01
-5.009809913986720886e+01
-4.978183297713770372e+01
-4.943549054644510932e+01
-4.905874657112346426e+01
-4.865149862501429823e+01
-4.821356999845668412e+01
-4.774500683229713616e+01
-4.724563241687471304e+01
-4.671534432603095865e+01
-4.615404013360738844e+01
-4.556169169694808119e+01
-4.493819658989454524e+01
-4.428352666979083807e+01
-4.359780236098600881e+01
-4.288092777795366572e+01
-4.213290748119823093e+01
-4.135382685535872582e+01
-4.054369700157163692e+01
-3.970267758797848501e+01
-3.883092828272076247e+01
-3.792853447043748361e+01
-3.699565581927015501e+01
-3.603252628086276133e+01
-3.503908267284931810e+01
-3.401570751387883718e+01
-3.296248618859031865e+01
-3.187972693213026787e+01
-3.076758941264019143e+01
-2.962638186526658046e+01
-2.845641252515595454e+01
-2.725776677694731731e+01
-2.603075285578715992e+01
-2.477582756382700424e+01
-2.349322485271084560e+01
-2.218340152459018455e+01
-2.084666581461153712e+01
-1.948340024142390092e+01
-1.809391304017377777e+01
-1.667873529651517828e+01
-1.523811084747349121e+01
-1.377269448911213878e+01
-1.228277948536344510e+01
-1.076895623416971937e+01
-9.231740849970778484e+00
-7.671575163703932887e+00
-6.088908434656750579e+00
-4.484412772624294163e+00
-2.858693432249377775e+00
-1.212377953225566962e+00
4.539150387738745129e-01
2.139553547045232040e+00
3.843914488905092242e+00
5.566368838989840029e+00
7.306259344204908857e+00
9.062921323105488369e+00
1.083566780919601413e+01
1.262392326123466724e+01
1.442693385757363878e+01
1.624410920027061067e+01
1.807463604087576314e+01
1.991799826494929704e+01
2.177330834053888609e+01
2.363997586970221576e+01
2.551711332048698111e+01
2.740413029495086050e+01
2.930021354464404126e+01
3.120462410461920655e+01
3.311662300992904306e+01
3.503547129562623752e+01
3.696035571326098079e+01
3.889053729788594893e+01
4.082520280105132571e+01
4.276353897430731621e+01
4.470488113620908166e+01
4.664834175480432776e+01
4.859310758164322408e+01
5.053843965177846087e+01
5.248352471676023612e+01
5.442740096113372061e+01
5.636947798695659628e+01
5.830879397877406944e+01
6.024453568813630966e+01
6.217603843359851368e+01
6.410241468320835168e+01
6.602292547201851391e+01
6.793675755157921969e+01
6.984302338993808235e+01
7.174105830565035546e+01
7.362997476676369502e+01
7.550880744036479086e+01
7.737679977421380784e+01
7.923304313160750212e+01
8.107655459233997419e+01
8.290657408671297901e+01
8.472219297802317328e+01
8.652272548007474029e+01
8.830704010565688122e+01
9.007549103760878495e+01
9.182575825267964831e+01
9.355849306771861507e+01
9.527211829449993274e+01
9.696654241484773706e+01
9.864018824053624712e+01
1.002937070884146351e+02
1.019247789352321121e+02
1.035325694277878341e+02
1.051177298829310018e+02
1.066779402774108121e+02
1.082138519280764513e+02
1.097231448116770736e+02
1.112064702450619080e+02
1.126622510400051311e+02
1.140911385133559435e+02
1.154908126418635135e+02
1.168619247423770133e+02
1.182028976266706906e+02
1.195128969415436444e+02
1.207925740038451465e+02
1.220403516253493166e+02
1.232561382878804039e+02
1.244390996382375363e+02
1.255884013232199692e+02
1.267032089896268161e+02
1.277834311192823264e+02
1.288289761940106644e+02
1.298390098606110143e+02
1.308119549308575529e+02
1.317492055566244744e+02
1.326484417146610042e+02
1.335103147218162576e+02
1.343339902248895044e+02
1.351193767057048660e+02
1.358648969760365901e+02
1.365712023527337919e+02
1.372374584825957129e+02
1.378620881773965152e+02
1.384457427539853995e+02
1.389883306941865726e+02
1.394890176447991905e+02
1.399477236524867010e+02
1.403644150232696859e+02
1.407390696280079396e+02
1.410716653375611997e+02
1.413614371877643805e+02
1.416083630494772194e+02
1.418124207935595393e+02
1.419735882908711631e+02
1.420918434122718850e+02
1.421671640286214995e+02
1.421980423407298133e+02
1.421859418895066938e+02
1.421300977107868846e+02
1.420304876754301802e+02
1.418870896542964601e+02
1.416998815182454621e+02
1.414695839731620310e+02
1.411954320548809392e+02
1.408774036342620377e+02
1.405162194171901149e+02
1.401118572745249651e+02
1.396635522421013889e+02
1.391720250258042597e+02
1.386379963315182806e+02
1.380607011950783658e+02
1.374408603223692182e+02
1.367777087492257237e+02
1.360719671815326706e+02
1.353250991601998408e+02
1.345355968860370695e+02
1.337041810649291449e+02
1.328308295677358615e+02
1.319170059353670581e+02
1.309619452036575353e+02
1.299663680784921098e+02
1.289302524307305760e+02
1.278550618012827158e+02
1.267400312259833584e+02
1.255866242457423141e+02
1.243948187314194058e+02
1.231645925538743995e+02
1.218959235839671322e+02
1.205902753626074144e+02
1.192468829256300467e+02
1.178664669789198172e+02
1.164490053933365488e+02
1.149952188747650439e+02
1.135050852940651254e+02
1.119808110271715691e+02
1.104216311099192183e+02
1.088290273636669099e+02
1.072038118965447495e+02
1.055460722621068896e+02
1.038581245189824926e+02
1.021393133857007030e+02
1.003904692508406669e+02
9.861242250298153067e+01
9.680600353070248332e+01
9.497129988755764884e+01
9.310988479715116739e+01
9.122080584400224268e+01
8.930600766922745493e+01
8.736617209440103693e+01
8.540205522459957876e+01
8.341456173190476875e+01
8.140459628839823836e+01
7.937291499915666293e+01
7.732049681976415911e+01
7.524817213879991584e+01
7.315669706134058003e+01
7.104705054297028255e+01
6.891998868876569873e+01
6.677641617080847425e+01
6.461723766118026901e+01
6.244313498145521635e+01
6.025508708721749684e+01
5.805385008354375032e+01
5.584025435901311596e+01
5.361520458570726078e+01
5.137953115220533817e+01
4.913399016358399507e+01
4.687948629192489136e+01
4.461692420930966563e+01
4.234728287132249847e+01
4.007139266654251486e+01
3.779030683405638058e+01
3.550485576244324903e+01
3.321601840728727240e+01
3.092469944067009635e+01
2.863180353467338080e+01
2.633823536137877497e+01
2.404489959286793876e+01
2.175262661772001849e+01
1.946224682451417110e+01
1.717473916883454876e+01
1.489092661091004999e+01
1.261169896612183372e+01
1.033789405139929585e+01
8.070386825423096155e+00
5.810032933163234325e+00
3.557689713241388052e+00
1.314256934967118928e+00
-9.193862237490795231e-01
-3.142313043555120533e+00
-5.353641375200416164e+00
-7.552555924586625835e+00
-9.738040832158663562e+00
-1.190922880536643547e+01
-1.406525255165986010e+01
-1.620517049498634421e+01
-1.832833819330330272e+01
-2.043381407055813881e+01
-2.252095368470827097e+01
-2.458888974320360887e+01
-2.663690352049906807e+01
-2.866427629104954633e+01
-3.067006647880247527e+01
-3.265362964171524851e+01
-3.461409848723778282e+01
-3.655075428982498664e+01
-3.846280404042928325e+01
-4.034938044650056810e+01
-4.220976478249377095e+01
-4.404323832286377893e+01
-4.584908234206552891e+01
-4.762687524856391263e+01
-4.937597260031635216e+01
-5.109580423878275468e+01
-5.278587428892552680e+01
-5.444546402519959116e+01
-5.607415185606986086e+01
-5.767136762299622887e+01
-5.923639260043361077e+01
-6.076880519684692672e+01
-6.226788668669110649e+01
-6.373314119492852114e+01
-6.516399856301910631e+01
-6.655988863242276921e+01
-6.792024124459940992e+01
-6.924470909151646936e+01
-7.053279629813631857e+01
-7.178408127292391328e+01
-7.299799385733911095e+01
-7.417418674334938089e+01
-7.531223833941959356e+01
-7.641172705401467624e+01
-7.747252842960952535e+01
-7.849429515817158176e+01
-7.947675421517074312e+01
-8.041970685957939224e+01
-8.132289171197469102e+01
-8.218601968986018846e+01
-8.300888763934909775e+01
-8.379121812305218953e+01
-8.453280798708270538e+01
-8.523337979405138753e+01
-8.589273039007152022e+01
-8.651050805425133206e+01
-8.708673248321156279e+01
-8.762142337357299482e+01
-8.811378330342886045e+01
-8.856598619097240999e+01
-8.897649177927189612e+01
-8.934598831647055306e+01
-8.967442121568669222e+01
-8.996247872506349097e+01
-9.020936342269425268e+01
-9.041576355672218313e+01
-9.058162454026557953e+01
-9.070689178644265382e+01
-9.079076787334668097e+01
-9.083468388414590322e+01
-9.083709956190860169e+01
-9.080018882482798404e+01
-9.072241141597230296e+01
-9.060445558348484951e+01
-9.044700957550882947e+01
-9.025001880516254005e+01
-9.001446865459918456e+01
-8.973971026891705094e+01
-8.942643189625937339e+01
-8.907487608375438981e+01
-8.868535966203289433e+01
-8.825819946172559582e+01
-8.779363802996077482e+01
-8.729206648087165377e+01
-8.675372736158651321e+01
-8.617908606974108920e+01
-8.556860800297110359e+01
-8.492268427540986409e+01
-8.424185456819560613e+01
-8.352643571195905281e+01
-8.277704167134096735e+01
-8.199391499346963030e+01
-8.117774392648824744e+01
-8.032884530102761289e+01
-7.944775879822591946e+01
-7.853502409922150207e+01
-7.759110660165002571e+01
-7.661639741964481232e+01
-7.561153286107798976e+01
-7.457723860674749972e+01
-7.351411411367767812e+01
-7.242313025640534363e+01
-7.130496077545731737e+01
-7.016035369486299089e+01
-6.899005703865167050e+01
-6.779489311435520449e+01
-6.657560994600292759e+01
-6.533302984112664547e+01
-6.406782654025323609e+01
-6.278082235091452645e+01
-6.147283958064236487e+01
-6.014455196996357955e+01
-5.879678182640998330e+01
-5.743042574101594511e+01
-5.604615745430830742e+01
-5.464487355732137530e+01
-5.322739635758702548e+01
-5.179447387913456424e+01
-5.034700271299834640e+01
-4.888573088320770665e+01
-4.741148069729447201e+01
-4.592514874629299726e+01
-4.442748305423261002e+01
-4.291930592864515148e+01
-4.140143967706245576e+01
-3.987478089051887054e+01
-3.834000330954122404e+01
-3.679815209216884853e+01
-3.524997526243109291e+01
-3.369651797836728946e+01
-3.213845398050428770e+01
-3.057682842688139502e+01
-2.901238934152798876e+01
-2.744618188248337987e+01
-2.587887979027441787e+01
-2.431137965593543271e+01
-2.274457807050076852e+01
-2.117922305799976357e+01
-1.961613692596424841e+01
-1.805621626542856717e+01
-1.650023138547280510e+01
-1.494899716527854849e+01
-1.340327648557564011e+01
-1.186383965544416341e+01
-1.033147184066470636e+01
-8.806928493616858589e+00
-7.291004436936532329e+00
-5.784463294188590510e+00
-4.288115912048220402e+00
-2.802817919637064836e+00
-1.329438741610967201e+00
1.311670540747308933e-01
1.578122614413940195e+00
3.010558514750814041e+00
4.427679613932013147e+00
5.828586773900693352e+00
7.212611135457761335e+00
8.578935272399126788e+00
9.926741758520700287e+00
1.125543601812588079e+01
1.256405205800558278e+01
1.385192101896071293e+01
1.511837404179217970e+01
1.636274226730088799e+01
1.758420826928274749e+01
1.878217747204115895e+01
1.995598101637704147e+01
2.110495004309129996e+01
2.222834140948233284e+01
2.332570910685856092e+01
2.439630999251837551e+01
2.543969805777020454e+01
2.645535301041993748e+01
2.744268027477098926e+01
2.840108527512677483e+01
2.932997343579068783e+01
3.022897303157365201e+01
3.109748948677905744e+01
3.193492822571032619e+01
3.274076895617335481e+01
3.351456566947655347e+01
3.425572378992334421e+01
3.496379730882211589e+01
3.563826593397877218e+01
3.627883222370675043e+01
3.688505016931442526e+01
3.745654804561272755e+01
3.799287984391005324e+01
3.849374812251981126e+01
3.895863258924791239e+01
3.938731008591026495e+01
3.977948317082027074e+01
4.013485440229133872e+01
4.045312633863687779e+01
4.073392725466780462e+01
4.097710827570251269e+01
4.118229767655191864e+01
4.134934658253442308e+01
4.147811735857813886e+01
4.156859161155248472e+01
4.162053933742907219e+01
4.163395338268701806e+01
4.160875231030293264e+01
4.154492896675594693e+01
4.144232763152016474e+01
4.130101543457720226e+01
4.112105950590868275e+01
4.090237840849121653e+01
4.064496498880392039e+01
4.034881209332591823e+01
4.001398685203881911e+01
3.964063067842673149e+01
3.922888498597377804e+01
3.877903975516908730e+01
3.829116211599426123e+01
3.776554204893842126e+01
3.720232096748567585e+01
3.660171456862264705e+01
3.596386426583345042e+01
3.528906003960720739e+01
3.457751758693052579e+01
3.382937832128752831e+01
3.304485793966482277e+01
3.222424642255153060e+01
3.136768518343176737e+01
3.047546420279466162e+01
2.954802202813430156e+01
2.858564863993982286e+01
2.758863401870034338e+01
2.655741671190996911e+01
2.549221241655532211e+01
2.439345968013051902e+01
2.326156733672866750e+01
2.209692193539214600e+01
2.089995459526480914e+01
1.967109643549053999e+01
1.841075629016243553e+01
1.711936379275431719e+01
1.579735451942020852e+01
1.444522941579631592e+01
1.306349537019906393e+01
1.165267264197531638e+01
1.021326663377143795e+01
8.745782748233793313e+00
7.250808099861496103e+00
5.728721809346671634e+00
4.180259558193431424e+00
2.605859893895891233e+00
1.006208910769319065e+00
-6.179827951188863189e-01
-2.266054214890178553e+00
-3.937270056163502119e+00
-5.630895026557815264e+00
-7.346045266687066366e+00
-9.082134051175208000e+00
-1.083820323713368516e+01
-1.261359181568395371e+01
-1.440749021094245919e+01
-1.621908884702566311e+01
-1.804765243155250687e+01
-1.989229710513693661e+01
-2.175221329189541208e+01
-2.362666569944688533e+01
-2.551484475190780543e+01
-2.741586658989211855e+01
-2.932892163751628090e+01
-3.125327460239923383e+01
-3.318804162515493061e+01
-3.513241312989983811e+01
-3.708565382425288703e+01
-3.904680556532553481e+01
-4.101520734423924353e+01
-4.298990101810544928e+01
-4.497007701104059407e+01
-4.695500003066366190e+01
-4.894363765058356819e+01
-5.093518029491677623e+01
-5.292881838777975645e+01
-5.492351950278142425e+01
-5.691854834754076364e+01
-5.891294677916920364e+01
-6.090605378878820630e+01
-6.289705980051420653e+01
-6.488478382095117070e+01
-6.686930767624554051e+01
-6.884982179051375795e+01
-7.082477375284732091e+01
-7.279335398736263585e+01
-7.475549575320115991e+01
-7.671038947447934220e+01
-7.865722557531363179e+01
-8.059445164479548396e+01
-8.252200094206638425e+01
-8.443832105621773110e+01
-8.634334524639099584e+01
-8.823552110167761953e+01
-9.011478188121905930e+01
-9.198031800913177847e+01
-9.383130469440926902e+01
-9.566685628555325138e+01
-9.748681475096749693e+01
-9.928879355398076711e+01
-1.010733774980218271e+02
-1.028389228814444749e+02
-1.045852716726524534e+02
-1.063122658400495339e+02
-1.080175188469644922e+02
-1.097016154968260935e+02
-1.113636549230131152e+02
-1.130019934238793553e+02
-1.146164729678285141e+02
-1.162061926882394118e+02
-1.177709945535158056e+02
-1.193099776970364729e+02
-1.208214984171551691e+02
-1.223053986822756514e+02
-1.237607776257767256e+02
-1.251882200510871570e+02
-1.265860822565607009e+02
-1.279542062106011286e+02
-1.292924338816121974e+02
-1.305998644029726847e+02
-1.318755969080613681e+02
-1.331202162003070271e+02
-1.343320785780634310e+02
-1.355117688447593309e+02
-1.366569004637235025e+02
-1.377688010734096906e+02
-1.388465698071967154e+02
-1.398885629634382894e+02
-1.408953653455632491e+02
-1.418653332519253354e+02
-1.427997943209782648e+02
-1.436971048510759204e+02
-1.445571068106219741e+02
-1.453796421680202116e+02
-1.461638100566494529e+02
-1.469087096098884047e+02
-1.476156684661908969e+02
-1.482837857589356361e+02
-1.489121606215014708e+02
-1.495006350222920730e+02
-1.500490509297112567e+02
-1.505579931471878581e+02
-1.510258179730755330e+02
-1.514531102108031178e+02
-1.518397118287743695e+02
-1.521854647953930737e+02
-1.524894767349138931e+02
-1.527516320701200243e+02
-1.529733093847206362e+02
-1.531529159223248371e+02
-1.532910874316167735e+02
-1.533877168262555983e+02
-1.534426970199004359e+02
-1.534574065962603697e+02
-1.534302527989445935e+02
-1.533618713766371968e+02
-1.532521552429973610e+02
-1.531009973116841820e+02
-1.529090333313818064e+02
-1.526746705456993425e+02
-1.523992875383459307e+02
-1.520820343879557583e+02
-1.517228040081878646e+02
-1.513214893127014875e+02
-1.508794688852056538e+02
-1.503966356393595447e+02
-1.498728824888223130e+02
-1.493081023472530546e+02
-1.487036737983609385e+02
-1.480594897558050604e+02
-1.473754431332445733e+02
-1.466529125143886176e+02
-1.458910479778712954e+02
-1.450912281074017471e+02
-1.442526029816141602e+02
-1.433772940192425835e+02
-1.424644512989212330e+02
-1.415147105693341416e+02
-1.405272219091155250e+02
-1.395033639019744953e+02
-1.384422866265451546e+02
-1.373438829964867125e+02
-1.362095315955081958e+02
-1.350376396672187980e+02
-1.338303286303526534e+02
-1.325867485635438641e+02
-1.313097637205516151e+02
-1.299985241800100084e+02
-1.286544085256281278e+02
-1.272780525060901908e+02
-1.258708347051052669e+02
-1.244319052013075435e+02
-1.229626425784061041e+02
-1.214629397500601016e+02
-1.199334324649536399e+02
-1.183732708017209205e+02
-1.167846013486693550e+02
-1.151667000322997580e+02
-1.135203536187362801e+02
-1.118470917091280370e+02
-1.101462153995491491e+02
-1.084199971261738114e+02
-1.066669951500511075e+02
-1.048902247423802123e+02
-1.030889869992352317e+02
-1.012640686867403303e+02
-9.941714797304960882e+01
-9.754893734078474665e+01
-9.566044640657736409e+01
-9.375261050355658199e+01
-9.182636496485153543e+01
-8.988264512359140213e+01
-8.792201489539277759e+01
-8.594474106186230244e+01
-8.395131325511415810e+01
-8.194222110726241226e+01
-7.991787996691874696e+01
-7.787863089919231641e+01
-7.582503781969970191e+01
-7.375818462857509417e+01
-7.167930379295758314e+01
-6.958962777998632987e+01
-6.749038905680048117e+01
-6.538267152353415668e+01
-6.326778193082898838e+01
-6.114680417881913854e+01
-5.902015361611623234e+01
-5.688839415833687951e+01
-5.475179258708775620e+01
-5.261076425098048759e+01
-5.046579878212919823e+01
-4.831716296214054296e+01
-4.616549499013364510e+01
-4.401158163223264808e+01
-4.185658107207418510e+01
-3.970142864278739125e+01
-3.754728252800891397e+01
-3.539507806086788122e+01
-3.324589914149842684e+01
-3.110075538653219596e+01
-2.896021071158581961e+01
-2.682502959773269424e+01
-2.469572396213769494e+01
-2.257294686062046196e+01
-2.045730083621894124e+01
-1.834940477434160755e+01
-1.624987508114150359e+01
-1.415936578719149885e+01
-1.207854330050949798e+01
-1.000807402911342692e+01
-7.948624381021185847e+00
-5.900823622499458132e+00
-3.865345589916393099e+00
-1.842938403142659887e+00
1.654269674435694393e-01
2.158779551464141022e+00
4.136074095038382303e+00
6.096265344285635379e+00
8.038382328827720968e+00
9.961305511281492997e+00
1.186421248827377184e+01
1.374657799044140027e+01
1.560824816593370912e+01
1.744869774538753759e+01
1.926777287695221830e+01
2.106502257476708095e+01
2.284021870347897476e+01
2.459298456072972527e+01
2.632257202664866469e+01
2.802838154837013107e+01
2.970959072252096433e+01
3.136559999623549899e+01
3.299551268263805781e+01
3.459880351236548535e+01
3.617465008204461441e+01
3.772245283880978661e+01
3.924153794629283709e+01
4.073130585162809325e+01
4.219100843494489084e+01
4.362012042688007085e+01
4.501789370756294772e+01
4.638380300763039799e+01
4.771754590822671105e+01
4.901889427399876098e+01
5.028776853659834956e+01
5.152379199366733076e+01
5.272688507685754189e+01
5.389674536731330079e+01
5.503321901318396669e+01
5.613600359561386455e+01
5.720472241224481280e+01
5.823922161122617069e+01
5.923912449019975668e+01
6.020412863030991701e+01
6.113400589620346892e+01
6.202837958552227349e+01
6.288702683012684957e+01
6.370974583073249420e+01
6.449619148826319304e+01
6.524624155415045834e+01
6.595962521282078228e+01
6.663607164870063571e+01
6.727538432971904570e+01
6.787751529080999546e+01
6.844234228340498305e+01
6.896981734243799167e+01
6.945989250284304717e+01
6.991251979955410434e+01
7.032765126750516060e+01
7.070516465812774243e+01
7.104508628985833241e+01
7.134744248113341314e+01
7.161211098338448267e+01
7.183926668205305077e+01
7.202878732857058708e+01
7.218069924137361681e+01
7.229502873889862258e+01
7.237202499008957091e+01
7.241178859688550062e+01
7.241456872823039248e+01
7.238054026956574205e+01
7.231002667333801526e+01
7.220312854148625092e+01
7.206009504295442980e+01
7.188110106318401904e+01
7.166624720411404326e+01
7.141570835118599803e+01
7.112958510633886533e+01
7.080812663851665434e+01
7.045135926615583344e+01
7.005953215820041180e+01
6.963282020009189921e+01
6.917154684427679001e+01
6.867588697619655136e+01
6.814616404829769181e+01
6.758262722952422052e+01
6.698545140531760467e+01
6.635496002812438121e+01
6.569147655039098765e+01
6.499539870806646036e+01
6.426697567009479428e+01
6.350660517242497605e+01
6.271468495100599227e+01
6.189153845828434442e+01
6.103741486320402743e+01
6.015286046871904091e+01
5.923807330094601298e+01
5.829364108271216338e+01
5.731995182701231784e+01
5.631761639734887837e+01
5.528709709021916296e+01
5.422893048562302454e+01
5.314365316356030888e+01
5.203202455453839548e+01
5.089472980556210757e+01
4.973237978013382588e+01
4.854558534175587425e+01
4.733510592093561797e+01
4.610162666467791581e+01
4.484560986948012129e+01
4.356766639884456538e+01
4.226840711627362879e+01
4.094844288526963538e+01
3.960831028583244517e+01
3.824862018146442466e+01
3.686990915216541964e+01
3.547286234494028179e+01
3.405816490679385566e+01
3.262635341772600128e+01
3.117811302474156676e+01
2.971420315834791381e+01
2.823508611504237820e+01
2.674159560883482811e+01
2.523419393622260998e+01
2.371359595761157379e+01
2.218038282310307352e+01
2.063516539619945789e+01
1.907856196875333765e+01
1.751119083261730580e+01
1.593364725175819530e+01
1.434649974808193029e+01
1.275030495813404130e+01
1.114560763309965274e+01
9.532959209679114920e+00
7.912911124572788779e+00
6.286074241283013286e+00
4.652895999606655231e+00
3.014135830051054121e+00
1.370404596118571572e+00
-2.775382716834450259e-01
-1.929156193355142879e+00
-3.583689738389167712e+00
-5.240528043283166681e+00
-6.898985961032296998e+00
-8.558229777626694457e+00
-1.021764862956401387e+01
-1.187646354164319007e+01
-1.353381735988835999e+01
-1.518883338562993401e+01
-1.684070920370083968e+01
-1.848864239893399386e+01
-2.013205340666981513e+01
-2.177051122925372795e+01
-2.340365915253365259e+01
-2.503091761185000408e+01
-2.665185560954820687e+01
-2.826596786447117893e+01
-2.987289766246684408e+01
-3.147206543887562091e+01
-3.306274306203292923e+01
-3.464442525078168700e+01
-3.621653244046232345e+01
-3.777848506641524295e+01
-3.932962928047838602e+01
-4.086938551799216413e+01
-4.239687708028699120e+01
-4.391130155219578768e+01
-4.541185651855148819e+01
-4.689759099718200019e+01
-4.836777685642275060e+01
-4.982146311410164685e+01
-5.125792163855413008e+01
-5.267709284963810745e+01
-5.407876860020650156e+01
-5.546288931011724088e+01
-5.682939539922821126e+01
-5.817830157089987608e+01
-5.950939967798514374e+01
-6.082263014034194271e+01
-6.211726482630565016e+01
-6.339250132070923627e+01
-6.464761149188809952e+01
-6.588179292467515324e+01
-6.709431748740583146e+01
-6.828445704841556108e+01
-6.945140919253724121e+01
-7.059496577262380868e+01
-7.171491864152818607e+01
-7.281083680159576943e+01
-7.388318065720200423e+01
-7.493107350967729019e+01
-7.595512433040208577e+01
-7.695445642070676229e+01
-7.792893591694677013e+01
-7.887768612045252326e+01
-7.980205883762943131e+01
-8.070117920962796632e+01
-8.157417973687869051e+01
-8.242093759465723224e+01
-8.324132995823919146e+01
-8.403597683792516193e+01
-8.480401257396579240e+01
-8.554457150661164633e+01
-8.625901648118838239e+01
-8.694573900292157020e+01
-8.760461624708686657e+01
-8.823701105900984487e+01
-8.884057210889112355e+01
-8.941740507708132668e+01
-8.996590146880602390e+01
-9.048593845934087199e+01
-9.097887889401148698e+01
-9.144311427804345271e+01
-9.187926462173736297e+01
-9.228720710036887453e+01
-9.266681888921357313e+01
-9.301797716354705869e+01
-9.334130193366995343e+01
-9.363592753983289185e+01
-9.390247399233645353e+01
-9.414081846645623841e+01
-9.435009530244290943e+01
-9.453166734562201157e+01
-9.468541177126921582e+01
-9.481046291963508565e+01
-9.490818363604526553e+01
-9.497696542572533929e+01
-9.501817113400095138e+01
-9.503167793614768755e+01
-9.501736300744116193e+01
-9.497584635818198251e+01
-9.490551949359576156e+01
-9.480848809403310895e+01
-9.468388649974465920e+01
-9.453159188600598384e+01
-9.435222426311771926e+01
-9.414640364138047346e+01
-9.391326436104485254e+01
-9.365416926743647252e+01
-9.336825270080592531e+01
-9.305687750647885537e+01
-9.271917802470584036e+01
-9.235577426578750249e+01
-9.196728624002446395e+01
-9.155359112269232469e+01
-9.111530892409169269e+01
-9.065159387114675837e+01
-9.016390824255097414e+01
-8.965150569859635254e+01
-8.911571983764494576e+01
-8.855669572201875894e+01
-8.797472698104482447e+01
-8.737025581105518768e+01
-8.674372440838185128e+01
-8.609550068585431859e+01
-8.542602683980469180e+01
-8.473574506656493099e+01
-8.402494899546206852e+01
-8.329430367333564789e+01
-8.254402844601020206e+01
-8.177463979332024735e+01
-8.098665419510030006e+01
-8.018036528067740676e+01
-7.935621524638359858e+01
-7.851479485555586280e+01
-7.765632345401876080e+01
-7.678139180510929407e+01
-7.589036782165702277e+01
-7.498369369999392120e+01
-7.406181163645207732e+01
-7.312516382736349385e+01
-7.217434103606515805e+01
-7.120978545888915789e+01
-7.023208785917248065e+01
-6.924161614974465806e+01
-6.823896109394273424e+01
-6.722463917160121127e+01
-6.619901829554963513e+01
-6.516261494562252210e+01
-6.411587131815190332e+01
-6.305922960946980282e+01
-6.199305773240573814e+01
-6.091794645029675337e+01
-5.983426367597235185e+01
-5.874245160576459313e+01
-5.764302671950796508e+01
-5.653650549703701955e+01
-5.542333013468378056e+01
-5.430394282878026502e+01
-5.317886005916100345e+01
-5.204852402215802698e+01
-5.091345119760585902e+01
-4.977400949833401711e+01
-4.863064112067453948e+01
-4.748386254446194954e+01
-4.633404168252577193e+01
-4.518163956150338834e+01
-4.402726681275616016e+01
-4.287140433094577219e+01
-4.171460729423642988e+01
-4.055743088079235292e+01
-3.940050455228023196e+01
-3.824423491985925949e+01
-3.708932572869866107e+01
-3.593625787346013567e+01
-3.478551224880537518e+01
-3.363764403289859928e+01
-3.249305983689899335e+01
-3.135231483897077354e+01
-3.021596421727814530e+01
-2.908441458298030113e+01
-2.795822111424145717e+01
-2.683779042222080946e+01
-2.572367768508256347e+01
-2.461628951398592591e+01
-2.351610680359259575e+01
-2.242368473206677848e+01
-2.133935562706518141e+01
-2.026367466675200291e+01
-1.919708560403769937e+01
-1.813995790833022426e+01
-1.709273533254002686e+01
-1.605581705947606963e+01
-1.502963941369854872e+01
-1.401460900636667262e+01
-1.301114730534014363e+01
-1.201964606507766220e+01
-1.104047475498718534e+01
-1.007403330071269565e+01
-9.120695628672288890e+00
-8.180850521984570634e+00
-7.254879335417898645e+00
-6.343152281215247434e+00
-5.445986830332823381e+00
-4.563707882077080669e+00
-3.696618050703720293e+00
-2.845027378818696384e+00
-2.009253337378214432e+00
-1.189591112287728958e+00
-3.863581745034399550e-01
4.001800034701964437e-01
1.169765377478976021e+00
1.922132475018447195e+00
2.657038108634904194e+00
3.374135093971144528e+00
4.073313953877963023e+00
4.754167105891007772e+00
5.416654499837830983e+00
6.060437980230827471e+00
6.685402242089903524e+00
7.291283413429957783e+00
7.877966189270890318e+00
8.445260981130100930e+00
8.992903917022491811e+00
9.520853975470464192e+00
1.002884728448891494e+01
1.051691710610275088e+01
1.098487385182936826e+01
1.143252793318616689e+01
1.185976404519304950e+01
1.226654116637241643e+01
1.265266970824166926e+01
1.301810864932320833e+01
1.336274268463693105e+01
1.368638222570024254e+01
1.398913481804054015e+01
1.427066230617022491e+01
1.453107223561669947e+01
1.477032358490236241e+01
1.498830104904711469e+01
1.518518645708085479e+01
1.536086450402349257e+01
1.551529416839741593e+01
1.564865727923253580e+01
1.576083853154874603e+01
1.585187118737094814e+01
1.592171422522154778e+01
1.597054947413044346e+01
1.599818734561502964e+01
1.600480966870521371e+01
1.599030113842089307e+01
1.595476930028947216e+01
1.589824741633584892e+01
1.582084303208742071e+01
1.572258940956909612e+01
1.560359409430826538e+01
1.546396463183234182e+01
1.530380856766871744e+01
1.512315916384228842e+01
1.492204968237796692e+01
1.470072137910764631e+01
1.445922980110698397e+01
1.419768992225361970e+01
1.391620928807496149e+01
1.361489544409840846e+01
1.329388564925236160e+01
1.295336302843204557e+01
1.259360503019696864e+01
1.221490525567246621e+01
1.181754244928337449e+01
1.140182506885552627e+01
1.096803185881375775e+01
1.051645122043823122e+01
1.004737690342128076e+01
9.561097606177071384e+00
9.057905889861917359e+00
8.538085550178813321e+00
8.001928702583043673e+00
7.449721519849695994e+00
6.881772459804601283e+00
6.298389980273598532e+00
5.699919680833769320e+00
5.086677447661198670e+00
4.459001451982719466e+00
3.817229865025169477e+00
3.161656287913884089e+00
2.492693175378192905e+00
1.810544988340432093e+00
1.115713321732939800e+00
4.084026364780453111e-01
-3.109597559944138889e-01
-1.042095111259601969e+00
-1.784650401390184937e+00
-2.538198314956332968e+00
-3.302534391035709671e+00
-4.077231318198474952e+00
-4.862010352019802362e+00
-5.656444181069851140e+00
-6.460254060923785069e+00
-7.273012680151779819e+00
-8.094441294328992953e+00
-8.924186875528091534e+00
-9.761896395821738182e+00
-1.060714254378010324e+01
-1.145957229147584933e+01
-1.231890689448414555e+01
-1.318471904137515338e+01
-1.405672998772403837e+01
-1.493443813859846969e+01
-1.581771331657860813e+01
-1.670605392673212464e+01
-1.759918122463417589e+01
-1.849674218235743695e+01
-1.939838377197456865e+01
-2.030382724906073832e+01
-2.121264530218611100e+01
-2.212461609906317150e+01
-2.303915118793370453e+01
-2.395601616318681337e+01
-2.487460520169909728e+01
-2.579460961435716726e+01
-2.671549786154011841e+01
-2.763688697063205879e+01
-2.855839396901708938e+01
-2.947956160057681529e+01
-3.039985832569034230e+01
-3.131904973874677367e+01
-3.223660430012520095e+01
-3.315206475370724348e+01
-3.406519669388200811e+01
-3.497539429752606566e+01
-3.588242315902855495e+01
-3.678590030577356629e+01
-3.768536848164270481e+01
-3.858044471402007503e+01
-3.947082031379226663e+01
-4.035603802484090608e+01
-4.123578915805258305e+01
-4.210969074081140207e+01
-4.297735980050146765e+01
-4.383841336450688431e+01
-4.469254274371424884e+01
-4.553943924901017937e+01
-4.637864562427625970e+01
-4.720985318039910794e+01
-4.803282751176782739e+01
-4.884718564576650834e+01
-4.965261889328176892e+01
-5.044881856520019880e+01
-5.123540168890592383e+01
-5.201205957528551949e+01
-5.277863210223060264e+01
-5.353473629712528492e+01
-5.428013775435866251e+01
-5.501445350131484702e+01
-5.573752341588539849e+01
-5.644903880895698478e+01
-5.714861670791366066e+01
-5.783617127414956371e+01
-5.851131953504878425e+01
-5.917382708500039712e+01
-5.982345951839355536e+01
-6.045998242961733382e+01
-6.108308712955833641e+01
-6.169253921260568063e+01
-6.228832712365594659e+01
-6.287021339162698297e+01
-6.343794828355156312e+01
-6.399142756799614062e+01
-6.453047273002472650e+01
-6.505483097119879687e+01
-6.556439806008485505e+01
-6.605899548174689073e+01
-6.653837043774635163e+01
-6.700249298015228305e+01
-6.745103602702363332e+01
-6.788389534692691996e+01
-6.830096670842858941e+01
-6.870199731309016045e+01
-6.908695721298062153e+01
-6.945574217666646177e+01
-6.980817368921164245e+01
-7.014414751918268109e+01
-7.046355943514606679e+01
-7.076630520566826021e+01
-7.105235488281826406e+01
-7.132160423516258163e+01
-7.157394903126767360e+01
-7.180935932320254267e+01
-7.202780516303619152e+01
-7.222918231933506661e+01
-7.241338656066569968e+01
-7.258046222259956437e+01
-7.273030507370313558e+01
-7.286288516604541599e+01
-7.297802398469039531e+01
-7.307584014871204658e+01
-7.315615514317437373e+01
-7.321893902014635103e+01
-7.326423611519946633e+01
-7.329209076390522171e+01
-7.330262158533760442e+01
-7.329572434806308934e+01
-7.327159195465817731e+01
-7.323019445719184262e+01
-7.317157619123558732e+01
-7.309585577586337024e+01
-7.300292897964173733e+01
-7.289291442164461898e+01
-7.276578215394104632e+01
-7.262165079560496395e+01
-7.246041611520290360e+01
-7.228227101531132348e+01
-7.208711126449672690e+01
-7.187520404883808567e+01
-7.164659370390690185e+01
-7.140141115387413606e+01
-7.113968797629368623e+01
-7.086176518782642120e+01
-7.056776095462568321e+01
-7.025779344284488559e+01
-6.993205510213985576e+01
-6.959081266566899160e+01
-6.923411001608315019e+01
-6.886221388654068676e+01
-6.847531672669748559e+01
-6.807353670270691737e+01
-6.765721483122985092e+01
-6.722639499491712911e+01
-6.678156677743466219e+01
-6.632277406143329301e+01
-6.585035786357389043e+01
-6.536451063351232449e+01
-6.486557338790946403e+01
-6.435359000941618035e+01
-6.382897579819584877e+01
-6.329192320390433224e+01
-6.274255039269498724e+01
-6.218119838122870391e+01
-6.160798533565883162e+01
-6.102325227264624630e+01
-6.042726592534933161e+01
-5.982014445992142981e+01
-5.920215460952091746e+01
-5.857371167431117698e+01
-5.793485953694306545e+01
-5.728601349757995109e+01
-5.662729172237520459e+01
-5.595903522798969476e+01
-5.528143646407928458e+01
-5.459483644730485707e+01
-5.389942762732227521e+01
-5.319555102079239362e+01
-5.248332479386858296e+01
-5.176316424671424699e+01
-5.103518754548271374e+01
-5.029973570683485917e+01
-4.955700118042656044e+01
-4.880725069941618699e+01
-4.805082528046460055e+01
-4.728784308972519312e+01
-4.651857086035629152e+01
-4.574342389252129237e+01
-4.496244606887106698e+01
-4.417612697307146163e+01
-4.338458477127586121e+01
-4.258817572744265334e+01
-4.178724281121779427e+01
-4.098214423954473773e+01
-4.017323822936696587e+01
-3.936080871412543303e+01
-3.854513962726113618e+01
-3.772666346922002845e+01
-3.690566417344309258e+01
-3.608242567337127582e+01
-3.525738046945058102e+01
-3.443073821161944181e+01
-3.360293140032386106e+01
-3.277424396900477888e+01
-3.194495985110319225e+01
-3.111536298006006618e+01
-3.028596013982385671e+01
-2.945688669683054783e+01
-2.862857515152610688e+01
-2.780130943735149529e+01
-2.697529920424519645e+01
-2.615097695265317412e+01
-2.532855233251389393e+01
-2.450838356077083802e+01
-2.369075457086496783e+01
-2.287602357973975487e+01
-2.206432595383117246e+01
-2.125609419358518792e+01
-2.045153794894027399e+01
-1.965092629663690005e+01
-1.885458031186728434e+01
-1.806276164302165199e+01
-1.727573936684046885e+01
-1.649375284666320596e+01
-1.571707115923033271e+01
-1.494594852458182288e+01
-1.418062430605714752e+01
-1.342137500874702027e+01
-1.266843256764066972e+01
-1.192204377442780938e+01
-1.118243536425248585e+01
-1.044983555792879848e+01
-9.724474061940886926e+00
-9.006589496793203864e+00
-8.296403397784612110e+00
-7.594140271554087107e+00
-6.900009768040094471e+00
-6.214184395429858121e+00
-5.536866375311600308e+00
-4.868243072573036123e+00
-4.208509280452137347e+00
-3.557864387714233079e+00
-2.916503880183319630e+00
-2.284642695911250243e+00
-1.662451202848385989e+00
-1.050129482346076282e+00
-4.478701874054259457e-01
1.441340289724558354e-01
7.256756570859667077e-01
1.296673469187752170e+00
1.856815958672706657e+00
2.406088752945726217e+00
2.944328912406702692e+00
3.471447780958037299e+00
3.987208135497118278e+00
4.491595603428845784e+00
4.984372961650612055e+00
5.465451554064813422e+00
5.934742724573844441e+00
6.392157817080101445e+00
6.837459608480976669e+00
7.270633726181369383e+00
7.691591514083671477e+00
8.100095749085278740e+00
8.496132058591086889e+00
8.879611786503488702e+00
9.250446276724883177e+00
9.608621156660161589e+00
9.953973486709221774e+00
1.028656317777945794e+01
1.060615300676826500e+01
1.091272860108053777e+01
1.120627558812117286e+01
1.148670531179256393e+01
1.175400339949960582e+01
1.200808119514469396e+01
1.224885004263022381e+01
1.247629556936109019e+01
1.269040340274218792e+01
1.289115917017841184e+01
1.307862278257715971e+01
1.325263130033832404e+01
1.341331891787180020e+01
1.356059697907998185e+01
1.369452539487026854e+01
1.381508979264754799e+01
1.392227579981672569e+01
1.401606904378268759e+01
1.409652943545283144e+01
1.416364260223205562e+01
1.421739417152525142e+01
1.425785265463545137e+01
1.428504668094572594e+01
1.429916204723978979e+01
1.430016169979384699e+01
1.428823143539161400e+01
1.426340848381179605e+01
1.422587864183810069e+01
1.417567913924924028e+01
1.411299577282892415e+01
1.403779148885336348e+01
1.395040065111126104e+01
1.385078620587883513e+01
1.373913394993978621e+01
1.361555539657533487e+01
1.348023634256917980e+01
1.333321401770003334e+01
1.317467421875161016e+01
1.300465417550261549e+01
1.282341396823925983e+01
1.263106511024275136e+01
1.242767454469280253e+01
1.221340578332236859e+01
1.198842233786441014e+01
1.175290257675239047e+01
1.150700258336901705e+01
1.125090815449799742e+01
1.098476794517179300e+01
1.070877518052436272e+01
1.042307851558816445e+01
1.012784146209616054e+01
9.823220103431058448e+00
9.509370522975569173e+00
9.186441375762152362e+00
8.854596173523765046e+00
8.513990999643118229e+00
8.164767080802423749e+00
7.807110213785387387e+00
7.441187624500094522e+00
7.067164310349556722e+00
6.685214182757081680e+00
6.295505210465777601e+00
5.898217990414181600e+00
5.493508605985002013e+00
5.081562853961948178e+00
4.662551674428230264e+00
4.236653435817307134e+00
3.804039078212388514e+00
3.364886970046934156e+00
2.919375479754401592e+00
2.467675547418003656e+00
2.009963276292237921e+00
1.546465135717770334e+00
1.077427614907052966e+00
6.030897747222926375e-01
1.236609626246907290e-01
-3.605751904220445003e-01
-8.493350534542134511e-01
-1.342505847563857380e+00
-1.839677659833022894e+00
-2.340737711353757078e+00
-2.845276089208104597e+00
-3.353180014488111649e+00
-3.864113857778322725e+00
-4.377816273165784366e+00
-4.894100198240040278e+00
-5.412778570590639937e+00
-5.933515760802126060e+00
-6.456124706464041019e+00
-6.980418345165936067e+00
-7.506061047492357474e+00
-8.033014318037844603e+00
-8.560868243884447892e+00
-9.089510046124210874e+00
-9.618604095341682481e+00
-1.014803761262890092e+01
-1.067754925207291983e+01
-1.120687766776078043e+01
-1.173576151377952925e+01
-1.226416229472371278e+01
-1.279167009767537699e+01
-1.331824642722906127e+01
-1.384355565396932164e+01
-1.436748499898819631e+01
-1.488977311637273004e+01
-1.541030722721497526e+01
-1.592875170209947377e+01
-1.644506804562076852e+01
-1.695892062836340486e+01
-1.747019667141943700e+01
-1.797878339588089602e+01
-1.848434517233234331e+01
-1.898676922186581351e+01
-1.948594276557335903e+01
-1.998160445754201930e+01
-2.047356723536134382e+01
-2.096179260362587726e+01
-2.144601921642266262e+01
-2.192606001134124938e+01
-2.240180220947368284e+01
-2.287305874840950182e+01
-2.333971157705288491e+01
-2.380162155555647630e+01
-2.425856998838254697e+01
-2.471033817999337145e+01
-2.515685600185622661e+01
-2.559797904193587570e+01
-2.603341432119210097e+01
-2.646309171109216152e+01
-2.688686679960084902e+01
-2.730459517468291253e+01
-2.771613242430314372e+01
-2.812125985292381358e+01
-2.851998161551468058e+01
-2.891207901653802992e+01
-2.929733336045612901e+01
-2.967574880223874700e+01
-3.004718092985066846e+01
-3.041141104775415371e+01
-3.076836902741647251e+01
-3.111791045680241652e+01
-3.145996520737923774e+01
-3.179438886711171364e+01
-3.212118559096962400e+01
-3.244013668341523271e+01
-3.275124629941831955e+01
-3.305444431044615072e+01
-3.334958630446350725e+01
-3.363660215293764821e+01
-3.391542172733585403e+01
-3.418590061562289861e+01
-3.444804297276856175e+01
-3.470177867024009544e+01
-3.494688901249978841e+01
-3.518345243801989852e+01
-3.541132453476521391e+01
-3.563043517420300077e+01
-3.584086279480553117e+01
-3.604246298453757191e+01
-3.623516561486641052e+01
-3.641897484076180547e+01
-3.659382053369103716e+01
-3.675963256512137178e+01
-3.691648937352508142e+01
-3.706417226336444770e+01
-3.720275967311172849e+01
-3.733218147423421840e+01
-3.745244182170166169e+01
-3.756339630347884651e+01
-3.766519764154055139e+01
-3.775770142385154315e+01
-3.784099156771043937e+01
-3.791502533871629055e+01
-3.797998833180199796e+01
-3.803584329139295761e+01
-3.808262724541705779e+01
-3.812045150530470750e+01
-3.814920453197879624e+01
-3.816907192037222529e+01
-3.818001641491039067e+01
-3.818207504352119486e+01
-3.817535911763503975e+01
-3.815990566517979943e+01
-3.813575171408339770e+01
-3.810286000877121637e+01
-3.806149042767865609e+01
-3.801160571523111287e+01
-3.795324289935648920e+01
-3.788658757498768637e+01
-3.781152820304759388e+01
-3.772832466197161239e+01
-3.763693969618513790e+01
-3.753748461711856521e+01
-3.743014501970480268e+01
-3.731480936486673272e+01
-3.719173753103976310e+01
-3.706089226264928982e+01
-3.692238487112570766e+01
-3.677632666789941140e+01
-3.662282896440081004e+01
-3.646185450505528536e+01
-3.629358888479575285e+01
-3.611806913155009369e+01
-3.593540655674871687e+01
-3.574563818831951068e+01
-3.554894962119538349e+01
-3.534545216680672297e+01
-3.513518285308143163e+01
-3.491840155845490301e+01
-3.469507102735254733e+01
-3.446537685470723744e+01
-3.422935606844689715e+01
-3.398726854700690581e+01
-3.373900275131016002e+01
-3.348474427628957528e+01
-3.322460443337553926e+01
-3.295869453399844673e+01
-3.268697732258369371e+01
-3.240978696106918022e+01
-3.212701191037781001e+01
-3.183891204894497307e+01
-3.154553427644568941e+01
-3.124711354654847284e+01
-3.094374611766397365e+01
-3.063560253170530956e+01
-3.032292761408812254e+01
-3.000574333972054575e+01
-2.968436881752072409e+01
-2.935890030589928656e+01
-2.902950834676937930e+01
-2.869628919854162064e+01
-2.835948768663166319e+01
-2.801920006945013597e+01
-2.767574545591518032e+01
-2.732914582093492584e+01
-2.697957170642251157e+01
-2.662734222129607531e+01
-2.627247934046375022e+01
-2.591522788934117472e+01
-2.555568412633898490e+01
-2.519409287687281918e+01
-2.483062468285580593e+01
-2.446530151919609253e+01
-2.409836821130930318e+01
-2.372999530110858757e+01
-2.336027904700457114e+01
-2.298946427441289231e+01
-2.261757295824169134e+01
-2.224484992390660310e+01
-2.187139142981826012e+01
-2.149744230139230083e+01
-2.112302451353686550e+01
-2.074845717517008126e+01
-2.037368797769759610e+01
-1.999896174653503778e+01
-1.962444902359554533e+01
-1.925017178378725191e+01
-1.887644913602830243e+01
-1.850322877172432001e+01
-1.813082979979344955e+01
-1.775919991164132838e+01
-1.738858393268358782e+01
-1.701907812133086750e+01
-1.665085301949630292e+01
-1.628400488559053017e+01
-1.591862997802418711e+01
-1.555482455520790275e+01
-1.519283344255732437e+01
-1.483275289848307743e+01
-1.447453061439080813e+01
-1.411848569919864715e+01
-1.376463790915943619e+01
-1.341313926455959304e+01
-1.306414699538049717e+01
-1.271778861820251727e+01
-1.237418422125577777e+01
-1.203346874947090228e+01
-1.169576229107801701e+01
-1.136119236265749599e+01
-1.102989390913995926e+01
-1.070198701875553837e+01
-1.037758435138409929e+01
-1.005679113855526730e+01
-9.739727468499170371e+00
-9.426506001095679821e+00
-9.117231967874420917e+00
-8.812010600365013602e+00
-8.510961986797589418e+00
-8.214176502001265590e+00
-7.921751949155418693e+00
-7.633786131439419975e+00
-7.350376852032647790e+00
-7.071614485764223801e+00
-6.797604264163772392e+00
-6.528436562060416115e+00
-6.264179469232530550e+00
-6.004923360509239139e+00
-5.750728897318667876e+00
-5.501671597789435708e+00
-5.257834408400420934e+00
-5.019292847280246050e+00
-4.786107575857036167e+00
-4.558346683909162422e+00
-4.336078261215000396e+00
-4.119355540852426500e+00
-3.908246612599810099e+00
-3.702804709535028049e+00
-3.503097921436454154e+00
-3.309179481381961274e+00
-3.121102622449424491e+00
-2.938905721016216610e+00
-2.762634581809962242e+00
-2.592327581208035525e+00
-2.428030523938059737e+00
-2.269789214727659932e+00
-2.117634601603958888e+00
-1.971612489294581438e+00
-1.831753825826650806e+00
-1.698082130877041740e+00
-1.570635780823127492e+00
-1.449438295341782146e+00
-1.334532323643094598e+00
-1.225918179466013669e+00
-1.123593021031952466e+00
-1.027546578212074735e+00
-9.377537241770440568e-01
-8.542190454985230108e-01
-7.769248436974259819e-01
-7.058534202946663560e-01
-6.409945051614071021e-01
-5.823303998185621611e-01
-5.298359774367944475e-01
-4.834861111867680972e-01
-4.432705309396458015e-01
-4.091641098660914744e-01
-3.811417211367685853e-01
-3.591782379223407151e-01
-3.432485333934706673e-01
-3.333051956700730512e-01
-3.293230979228105038e-01
-3.312622566218461628e-01
-3.390826882373437767e-01
-3.527518375897175096e-01
-3.722297211491301105e-01
-3.974763553857451059e-01
-4.284369000692261342e-01
-4.650713716697363331e-01
-5.073323583071891463e-01
-5.551724481014987944e-01
-6.085442291725781105e-01
-6.674002896403409268e-01
-7.316932176246996322e-01
-8.013681728953188088e-01
-8.763703152218618175e-01
-9.566596610744912965e-01
-1.042188798573122188e+00
-1.132888030786916689e+00
-1.228724802536288685e+00
-1.329621988540151456e+00
-1.435517320217918336e+00
-1.546348528989003768e+00
-1.662053346272819532e+00
-1.782554646788280239e+00
-1.907797590305048585e+00
-2.037719908242539457e+00
-2.172244475319665469e+00
-2.311316451306089093e+00
-2.454880995971474800e+00
-2.602875840735237034e+00
-2.755238717016787131e+00
-2.911899927885290840e+00
-3.072797155221410836e+00
-3.237823312649327878e+00
-3.406841550853463740e+00
-3.579841302472502651e+00
-3.756552007886369893e+00
-3.936963099733743032e+00
-4.120989727150802473e+00
-4.308398472268724078e+00
-4.499178767726188966e+00
-4.693245762659373099e+00
-4.890366039199455450e+00
-5.090454746482612869e+00
-5.293501317147527807e+00
-5.499272333325373019e+00
-5.707757227654830956e+00
-5.918796865769578197e+00
-6.132232113303291321e+00
-6.348052402894652779e+00
-6.566024316674837991e+00
-6.786137287282524078e+00
-7.008232180351391172e+00
-7.232224145017615236e+00
-7.457954046914878177e+00
-7.685337035179355958e+00
-7.914288258947228982e+00
-8.144722867354673213e+00
-8.376407442532865844e+00
-8.609405700622986046e+00
-8.843484223756215457e+00
-9.078558161068727372e+00
-9.314542661696703973e+00
-9.551352874776318558e+00
-9.788903949443753305e+00
-1.002703675133268746e+01
-1.026566642957929965e+01
-1.050470813331976139e+01
-1.074400272818775903e+01
-1.098353964682196526e+01
-1.122315975485605755e+01
-1.146285248492872100e+01
-1.170245870267363131e+01
-1.194181927372446061e+01
-1.218099791422239164e+01
-1.241976120629860603e+01
-1.265809858259177645e+01
-1.289585090873558215e+01
-1.313300761736870648e+01
-1.336940957412481978e+01
-1.360497192814010781e+01
-1.383968411205324323e+01
-1.407338220620356495e+01
-1.430595743325555169e+01
-1.453737051408184122e+01
-1.476750788605256659e+01
-1.499618170303536857e+01
-1.522342696940538254e+01
-1.544913012253274687e+01
-1.567302903278259585e+01
-1.589523298803256779e+01
-1.611547985864779520e+01
-1.633380464900342233e+01
-1.655001951296708285e+01
-1.676408517141140919e+01
-1.697588806170654507e+01
-1.718531462122262354e+01
-1.739232557083228414e+01
-1.759680734790566348e+01
-1.779872067331539398e+01
-1.799795198443161581e+01
-1.819446200212696496e+01
-1.838806288026908220e+01
-1.857886390673559873e+01
-1.876660295189165240e+01
-1.895124073660988628e+01
-1.913281226526542511e+01
-1.931112969172591676e+01
-1.948615373686399721e+01
-1.965784512155229535e+01
-1.982609028316095490e+01
-1.999084994256261538e+01
-2.015208482062990214e+01
-2.030975563823546182e+01
-2.046382311625193040e+01
-2.061417369204944094e+01
-2.076076808650062944e+01
-2.090356702047814252e+01
-2.104253121485460198e+01
-2.117762139050266157e+01
-2.130872398479244012e+01
-2.143587400209909077e+01
-2.155895787979273948e+01
-2.167793633874602932e+01
-2.179284438333409213e+01
-2.190349416742456867e+01
-2.200999497889509371e+01
-2.211223325511580740e+01
-2.221016971695934572e+01
-2.230383936880083695e+01
-2.239312864801043190e+01
-2.247807255896325529e+01
-2.255855902237981425e+01
-2.263470474288953582e+01
-2.270640505796473008e+01
-2.277362958858018871e+01
-2.283642223921321346e+01
-2.289475263083860312e+01
-2.294866466793365589e+01
-2.299805368797066762e+01
-2.304296359542694006e+01
-2.308336401127727555e+01
-2.311922455649646224e+01
-2.315058913556180897e+01
-2.317742736944810744e+01
-2.319978316263266649e+01
-2.321762613609027071e+01
-2.323100019429822893e+01
-2.323994924173383581e+01
-2.324444289937189367e+01
-2.324452507168969362e+01
-2.324023966316454448e+01
-2.323148201126873502e+01
-2.321837030398207347e+01
-2.320094844578185445e+01
-2.317911177414037027e+01
-2.315290419353492979e+01
-2.312244389194533056e+01
-2.308762620684386491e+01
-2.304849504270783100e+01
-2.300509430401453415e+01
-2.295746789524127252e+01
-2.290558543736284136e+01
-2.284956511835903470e+01
-2.278937655920466554e+01
-2.272506366437701786e+01
-2.265659605485090111e+01
-2.258409191860610932e+01
-2.250744659311493834e+01
-2.242685254985969223e+01
-2.234220512631266686e+01
-2.225362251045365980e+01
-2.216107432325747695e+01
-2.206460446920140583e+01
-2.196425685276275530e+01
-2.186007537841881643e+01
-2.175210395064689450e+01
-2.164031219042178122e+01
-2.152489256922577709e+01
-2.140581470803368802e+01
-2.128312251132280153e+01
-2.115678560006792708e+01
-2.102692759631646524e+01
-2.089354529138126537e+01
-2.075671519414527921e+01
-2.061658809699396144e+01
-2.047309194180527214e+01
-2.032645180446715827e+01
-2.017659562685757635e+01
-2.002374848486448755e+01
-1.986791260386833713e+01
-1.970909020924958455e+01
-1.954750637689618031e+01
-1.938308904868608806e+01
-1.921606330050725120e+01
-1.904643135774013629e+01
-1.887419544576518504e+01
-1.869958064047036217e+01
-1.852251488373361710e+01
-1.834322325144290389e+01
-1.816163368547618617e+01
-1.797789697821890442e+01
-1.779208963855402459e+01
-1.760428817536449131e+01
-1.741456909753327054e+01
-1.722293463044080397e+01
-1.702953556647256050e+01
-1.683437413100898183e+01
-1.663760111643553330e+01
-1.643929303163515954e+01
-1.623945210198832356e+01
-1.603822911988048006e+01
-1.583562631069207249e+01
-1.563179446680856444e+01
-1.542681009711291473e+01
-1.522067542698556508e+01
-1.501354124881197727e+01
-1.480540978797261076e+01
-1.459635755335041374e+01
-1.438646105382834151e+01
-1.417579679828934935e+01
-1.396444129561638903e+01
-1.375239677118991999e+01
-1.353981401739539692e+01
-1.332676954311576978e+01
-1.311319129022899688e+01
-1.289930433462303228e+01
-1.268511090167833011e+01
-1.247064293017634107e+01
-1.225600664240102766e+01
-1.204124883383433797e+01
-1.182642372830847854e+01
-1.161159715556863148e+01
-1.139685165561088986e+01
-1.118226651764382495e+01
-1.096793588757650539e+01
-1.075393162626724752e+01
-1.054032559457437657e+01
-1.032721193840696117e+01
-1.011466251862331944e+01
-9.902764052782270454e+00
-9.691580973391889842e+00
-9.481199998010993113e+00
-9.271700415848149746e+00
-9.063131802710930884e+00
-8.855588304508406949e+00
-8.649119497048145533e+00
-8.443804669538721441e+00
-8.239708254488201433e+00
-8.036909541105154986e+00
-7.835465533547402828e+00
-7.635433235972763022e+00
-7.436884509239559016e+00
-7.239876357505607984e+00
-7.044473213278982904e+00
-6.850739509067749644e+00
-6.658732249029731598e+00
-6.468508437322748605e+00
-6.280132506454867425e+00
-6.093654032233660089e+00
-5.909122590466696856e+00
-5.726610042012296731e+00
-5.546165962678030859e+00
-5.367847356621719079e+00
-5.191688942950429819e+00
-5.017747725821985583e+00
-4.846073281043952186e+00
-4.676700327723403383e+00
-4.509678441667907656e+00
-4.345049770334786565e+00
-4.182863889531607704e+00
-4.023162946715691746e+00
-3.865981660994108449e+00
-3.711354751473929348e+00
-3.559331793962722479e+00
-3.409942307722384047e+00
-3.263232154385358630e+00
-3.119236795893740588e+00
-2.977989465684550030e+00
-2.839520425854707764e+00
-2.703860681336157867e+00
-2.571041979895871243e+00
-2.441095000347979660e+00
-2.314048374200345481e+00
-2.189929664007991050e+00
-2.068760489645742329e+00
-1.950559573931824664e+00
-1.835345788251469212e+00
-1.723138523974426350e+00
-1.613956801052931933e+00
-1.507820010856735005e+00
-1.404745613384519753e+00
-1.304749062980402829e+00
-1.207841579828858203e+00
-1.114038098289484635e+00
-1.023350581381781588e+00
-9.357924777952979500e-01
-8.513772362195831667e-01
-7.701145911690608914e-01
-6.920075916429300200e-01
-6.170548296302398317e-01
-5.452563827900895888e-01
-4.766123287815781095e-01
-4.111205167587296816e-01
-3.487825100506931619e-01
-2.895961578114924495e-01
-2.335622805352520204e-01
-1.806794702110207096e-01
-1.309478044978975297e-01
-8.436661821995658506e-02
-4.093598903629718649e-02
-6.545089359680186271e-04
3.647900724147407764e-02
7.047309872322023161e-02
1.013374189889988120e-01
1.290818443690456840e-01
1.537157312090793593e-01
1.752499958083707232e-01
1.936932516776134483e-01
2.090550780130331077e-01
2.213472825159308877e-01
2.305809300525825667e-01
2.367648569841891426e-01
2.399123566821016462e-01
2.400330083425459005e-01
2.371371339967731640e-01
2.312380270161338014e-01
2.223541806171539237e-01
2.105026023463095197e-01
1.957114422754521743e-01
1.779887939307569222e-01
1.573613217140249487e-01
1.338445484933071250e-01
1.074911428544017694e-01
7.832777514885810866e-02
4.640340077897490978e-02
1.175954679680018232e-02
-2.557711644611666488e-02
-6.555763354747780325e-02
-1.081404774552340853e-01
-1.532841211173370799e-01
-2.009470374817382277e-01
-2.510802711461385672e-01
-3.036422950584898306e-01
-3.585767254662429182e-01
-4.158494636676003942e-01
-4.754115542602625477e-01
-5.372066134916801960e-01
-6.012005426600559588e-01
-6.673369580128405421e-01
-7.355743324979857611e-01
-8.058711390634426541e-01
-8.781784223069127870e-01
-9.524397984758469216e-01
-1.028621168868447233e+00
-1.106666149732165483e+00
-1.186540642365200959e+00
-1.268188263015007644e+00
-1.351567484629535132e+00
-1.436636780156735016e+00
-1.523339765844059723e+00
-1.611634914639459293e+00
-1.701473271140636179e+00
-1.792813308295540642e+00
-1.885606070701874915e+00
-1.979802602957340119e+00
-2.075353949659637376e+00
-2.172211155406468919e+00
-2.270340121496035035e+00
-2.369684464175787930e+00
-2.470202656393678087e+00
-2.571860599447907791e+00
-2.674601909585929249e+00
-2.778392488105940750e+00
-2.883175951255396274e+00
-2.988925628682745916e+00
-3.095585136635441881e+00
-3.203127804761935149e+00
-3.311497249309677482e+00
-3.420651943226619807e+00
-3.530565216161213993e+00
-3.641180684360910469e+00
-3.752460812354182274e+00
-3.864346889240338978e+00
-3.976776767348960462e+00
-4.089703155710123994e+00
-4.203056478303162535e+00
-4.316789444158155575e+00
-4.430832477254431190e+00
-4.545138286622070645e+00
-4.659644724590652487e+00
-4.774297071840009288e+00
-4.889040609049969177e+00
-5.003828045250610757e+00
-5.118597232771517902e+00
-5.233293452292516079e+00
-5.347861984493437859e+00
-5.462292680155612423e+00
-5.576441679755869352e+00
-5.690328547476540599e+00
-5.803861422246201940e+00
-5.917097009998437684e+00
-6.029869166159325111e+00
-6.142160313159944707e+00
-6.253952873431376069e+00
-6.365154985902200302e+00
-6.475749073003495226e+00
-6.585717557166343106e+00
-6.694968577319323266e+00
-6.803484555893513530e+00
-6.911247915319997048e+00
-7.018166794527350483e+00
-7.124149332444156713e+00
-7.229252235003992944e+00
-7.333457924637941439e+00
-7.436600256772079476e+00
-7.538735937339991366e+00
-7.639773105270251108e+00
-7.739768466496443011e+00
-7.838555876444647019e+00
-7.936192041048439449e+00
-8.032585099236404957e+00
-8.127791756942118084e+00
-8.221720153094164374e+00
-8.314278426621118712e+00
-8.405597566959064793e+00
-8.495437146031576958e+00
-8.583928153274744233e+00
-8.670978727617139725e+00
-8.756645574992344194e+00
-8.840762550826438471e+00
-8.923312077550503929e+00
-9.004424835556948281e+00
-9.083858851550999702e+00
-9.161817544209220898e+00
-9.238058631193169390e+00
-9.312711247676903170e+00
-9.385681678326985633e+00
-9.456950491312470675e+00
-9.526498254802422849e+00
-9.594305536965897829e+00
-9.660427189474457776e+00
-9.724769496994658979e+00
-9.787238744193063056e+00
-9.847964066243727999e+00
-9.906926031315714809e+00
-9.963956640573080392e+00
-1.001918502918988629e+01
-1.007251748183269058e+01
-1.012393456667055425e+01
-1.017349113537503413e+01
-1.022116775611518946e+01
-1.026687071355758363e+01
-1.031065485937377169e+01
-1.035250076173281464e+01
-1.039238898880377171e+01
-1.043037439225820151e+01
-1.046636325676266566e+01
-1.050033615048621982e+01
-1.053242220860292733e+01
-1.056252771577934446e+01
-1.059063324018453045e+01
-1.061679363349004745e+01
-1.064091518036245176e+01
-1.066305273247330732e+01
-1.068318685799166801e+01
-1.070129812508659306e+01
-1.071744138542964642e+01
-1.073159720718988552e+01
-1.074367187503386845e+01
-1.075379452413565495e+01
-1.076194572266430605e+01
-1.076803175528637979e+01
-1.077210747367343480e+01
-1.077422772949702967e+01
-1.077437309092622719e+01
-1.077244984262758543e+01
-1.076858711977516059e+01
-1.076269120703551430e+01
-1.075481695608020694e+01
-1.074494493507829773e+01
-1.073312999570134352e+01
-1.071928067354923542e+01
-1.070353735846268606e+01
-1.068581984070823232e+01
-1.066627076105991989e+01
-1.064473562628178449e+01
-1.062135707714787003e+01
-1.059620347092971748e+01
-1.056919459789386728e+01
-1.054039881531185863e+01
-1.050973591345023550e+01
-1.047742281658553765e+01
-1.044330503148180256e+01
-1.040752519891307770e+01
-1.037000310914589818e+01
-1.033088140295430790e+01
-1.029007987060484730e+01
-1.024766686936905735e+01
-1.020363647301597965e+01
-1.015813132231965277e+01
-1.011099692404411954e+01
-1.006237591896342032e+01
-1.001226238084659492e+01
-9.960724666965184326e+00
-9.907756851088233674e+00
-9.853353006984779228e+00
-9.797581491926361963e+00
-9.740436379682025247e+00
-9.681956314122308171e+00
-9.622179939117753378e+00
-9.561131041838399014e+00
-9.498825981104038974e+00
-9.435288544084713180e+00
-9.370549946300711142e+00
-9.304626546571824974e+00
-9.237549560418345962e+00
-9.169342775010314028e+00
-9.100044834218270040e+00
-9.029679525212255697e+00
-8.958270635162312701e+00
-8.885841951238479197e+00
-8.812432117311299606e+00
-8.738064920550810299e+00
-8.662756719776806946e+00
-8.586531302159327694e+00
-8.509419883218663827e+00
-8.431446250124857045e+00
-8.352626761697695912e+00
-8.272992633457475264e+00
-8.192560224223983667e+00
-8.111360749517510627e+00
-8.029421160442835159e+00
-7.946773635493412868e+00
-7.863475802148192528e+00
-7.779555574485117475e+00
-7.695063151632882459e+00
-7.610033876019683063e+00
-7.524517946774211374e+00
-7.438543277974416057e+00
-7.352152640398738725e+00
-7.265396233175876795e+00
-7.178301970383772712e+00
-7.090912622800871645e+00
-7.003270961205619649e+00
-6.915412328026209643e+00
-6.827379494041087682e+00
-6.739207801678449350e+00
-6.650940021716738038e+00
-6.562618924934398912e+00
-6.474272425409375309e+00
-6.385943293920114172e+00
-6.297659444544560614e+00
-6.209471076411407608e+00
-6.121398675248349797e+00
-6.033485011833833234e+00
-5.945765428596052615e+00
-5.858267839612950389e+00
-5.771027587312725693e+00
-5.684080014123569669e+00
-5.597460462473677900e+00
-5.511189418090745917e+00
-5.425317080103468470e+00
-5.339863934239539311e+00
-5.254865322927154914e+00
-5.170349160244256836e+00
-5.086343360268792857e+00
-5.002883265428957671e+00
-4.919996789802694614e+00
-4.837704419117698329e+00
-4.756041495802165286e+00
-4.675035933934039711e+00
-4.594715647591264940e+00
-4.515101122501536501e+00
-4.436220272742799509e+00
-4.358101012392999074e+00
-4.280771255530080310e+00
-4.204244059531486499e+00
-4.128562195175662808e+00
-4.053731291489803823e+00
-3.979786690902106017e+00
-3.906741450790011783e+00
-3.834622204634682507e+00
-3.763435606829637070e+00
-3.693209316222358041e+00
-3.623956134959831932e+00
-3.555674008488540316e+00
-3.488383167305718402e+00
-3.422088985208100453e+00
-3.356811692692919458e+00
-3.292556663556910568e+00
-3.229329271596807605e+00
-3.167142318959593528e+00
-3.106008607792253073e+00
-3.045926083541270479e+00
-2.986907548353629593e+00
-2.928958376026063792e+00
-2.872083940355308229e+00
-2.816289615138096281e+00
-2.761580774171161767e+00
-2.707962791251238510e+00
-2.655441040175061662e+00
-2.604013466389114129e+00
-2.553685443690130619e+00
-2.504462345874844509e+00
-2.456342118389740037e+00
-2.409337563381801495e+00
-2.363439197947262649e+00
-2.318644967532607737e+00
-2.274960245934570580e+00
-2.232375550249384943e+00
-2.190903682624035120e+00
-2.150520303454254822e+00
-2.111245643237278813e+00
-2.073070219069340858e+00
-2.035984548046674281e+00
-1.999994003966013345e+00
-1.965089103923592484e+00
-1.931267793365895713e+00
-1.898535446089656631e+00
-1.866875150840859421e+00
-1.836284853065988099e+00
-1.806762498211526680e+00
-1.778298603373709152e+00
-1.750891113999019533e+00
-1.724523118833442004e+00
-1.699192563323460137e+00
-1.674897392915558170e+00
-1.651620696355720508e+00
-1.629360419090430501e+00
-1.608107078215922803e+00
-1.587851190828430736e+00
