# tt
1.322774855876412403e+03
1.219905733222571143e+03
1.129270761796577290e+03
1.061229796141108409e+03
1.012896674027021959e+03
9.798836674938502256e+02
9.577908318739400784e+02
9.441446144651171153e+02
9.368982932415806317e+02
9.340376483713861262e+02
9.358178688970787107e+02
9.399722464791258290e+02
9.461630678803154524e+02
9.530655672542102366e+02
9.624366635149287958e+02
9.740559222472892316e+02
9.866771302773811385e+02
1.000960503509970863e+03
1.015213411926780168e+03
1.030115862249428574e+03
1.045688394156109325e+03
1.061509477815162427e+03
1.077863599282472478e+03
1.094876908208702162e+03
1.112057571139314177e+03
1.129809205912186826e+03
1.147954712794461557e+03
1.166404286339162809e+03
1.185345063435461498e+03
1.204179566920486195e+03
1.223723322903402959e+03
1.243451001921822581e+03
1.263332905841228239e+03
1.283899371117143801e+03
1.304209515011349367e+03
1.324833306538352645e+03
1.345926412359684264e+03
1.367373494569732202e+03
1.389060176360913374e+03
1.410873782829485663e+03
1.432819871940830808e+03
1.454920560264672531e+03
1.477235106121985837e+03
1.499837624534244242e+03
1.522701538376857798e+03
1.545806061204726120e+03
1.569118854629683483e+03
1.592622436964065400e+03
1.616366181672456378e+03
1.640404462545679735e+03
1.664685372725262596e+03
1.689139720628219266e+03
1.713750313123314982e+03
1.738514813779815313e+03
1.763546293753566943e+03
1.788944040130746316e+03
1.814662755325361104e+03
1.840612571649919573e+03
1.866770476569179664e+03
1.893141571272437204e+03
1.919731986593385272e+03
1.946561110389755868e+03
1.973633473818780658e+03
2.000975893088440216e+03
2.028626340439490377e+03
2.056563415340282972e+03
2.084747159890944658e+03
2.113130187841350562e+03
2.141679969641877960e+03
2.170372918688255140e+03
2.199325217061126750e+03
2.228654561436238509e+03
2.258374651585837455e+03
2.288491758931921140e+03
2.318964391198455360e+03
2.349663998220781650e+03
2.380570261491461679e+03
2.411722289305057075e+03
2.443136904905378287e+03
2.474834291007870888e+03
2.506825783163766118e+03
2.539088934644676101e+03
2.571623583772967322e+03
2.604422140520753146e+03
2.637481067324768901e+03
2.670768466378739049e+03
2.704263920691258591e+03
2.737976726671922734e+03
2.771908752380077658e+03
2.806068967699414316e+03
2.840457608059762151e+03
2.875089439065546230e+03
2.909956941270442712e+03
2.945074880278876208e+03
2.980435736644523331e+03
3.016039419271308816e+03
3.051893265413407789e+03
3.087974898923996989e+03
3.124299085407501025e+03
3.160858305417596057e+03
3.197652467858206819e+03
3.234666624932759078e+03
3.271900685545178931e+03
3.309347130249141628e+03
3.346998439598321511e+03
3.384847094146396103e+03
3.422878146096789806e+03
3.461098932703677747e+03
3.499494506170485693e+03
3.538057056146924424e+03
3.576785037017092236e+03
3.615669183910872107e+03
3.654700231958147469e+03
3.693868916288801302e+03
3.733173400382965610e+03
3.772604419370527012e+03
3.812145280031114908e+03
3.851794145844864943e+03
3.891541751941658731e+03
3.931378833451380160e+03
3.971288697153662724e+03
4.011269506528639795e+03
4.051311996706193440e+03
4.091399474465958519e+03
4.131530103288066130e+03
4.171687189952151130e+03
4.211861469588096043e+03
4.252051105676033330e+03
4.292239404995598306e+03
4.332409949289997712e+03
4.372569705207486550e+03
4.412696200958897862e+03
4.452789249805812688e+03
4.492833808309314009e+03
4.532829689730978316e+03
4.572761850631892230e+03
4.612622675923384122e+03
4.652397122166535155e+03
4.692092430973178125e+03
4.731686130554142437e+03
4.771170605820761011e+03
4.810545670034613977e+03
4.849788851406535287e+03
4.888899963198102341e+03
4.927849105269898246e+03
4.966628662533254101e+03
5.005223591549251978e+03
5.043618848878972130e+03
5.081799391083496630e+03
5.119742508887135955e+03
5.157454256469121901e+03
5.194918165471415705e+03
5.232132624236479387e+03
5.269088592756524122e+03
5.305791887724260050e+03
5.342218612431399379e+03
5.378374583570654977e+03
5.414243332783986261e+03
5.449815820063605315e+03
5.485068148701223436e+03
5.519991278689052706e+03
5.554576170019303390e+03
5.588798925983687695e+03
5.622657934924666733e+03
5.656136728484201740e+03
5.689226266654504798e+03
5.721917509427787081e+03
5.754201416796259764e+03
5.786068948752133110e+03
5.817503636937370175e+03
5.848511298044682917e+03
5.879068035365778996e+03
5.909164808892874134e+03
5.938800006968428534e+03
5.967957328347265502e+03
5.996628568585909306e+03
6.024798262003497257e+03
6.052465799619663812e+03
6.079623144103799859e+03
6.106254829775040889e+03
6.132360247653022270e+03
6.157931360407132161e+03
6.182952702356506052e+03
6.207423664520782950e+03
6.231328781219099255e+03
6.254667443471090337e+03
6.277431613946145262e+03
6.299605826963397703e+03
6.321189473542486667e+03
6.342174516352800310e+03
6.362545489713471397e+03
6.382294356293890814e+03
6.401427935463943868e+03
6.419930761542767868e+03
6.437802225549998184e+03
6.455041718505274730e+03
6.471648631428230146e+03
6.487600070287755443e+03
6.502910282803984046e+03
6.517563870824847982e+03
6.531553134663693527e+03
6.544855585462162708e+03
6.557478447762895485e+03
6.569391804357283945e+03
6.580602879787968050e+03
6.591096613546839762e+03
6.600865373476037348e+03
6.609938669168953311e+03
6.618301440117479615e+03
6.625960910864254402e+03
6.632931734302171208e+03
6.639213706623619146e+03
6.644814052371238176e+03
6.649732567737421050e+03
6.653954192214057912e+03
6.657478721993539693e+03
6.660305953268258236e+03
6.662428253880351804e+03
6.663837991671961390e+03
6.664542391185731503e+03
6.664526391913549560e+03
6.663797218398056430e+03
6.662362095181893892e+03
6.660220818457453788e+03
6.657365756066874383e+03
6.653804132552799274e+03
6.649535744107616665e+03
6.644567815273970155e+03
6.638892713893998007e+03
6.632517664510341092e+03
6.625449891665643008e+03
6.617681763202042021e+03
6.609213075311929970e+03
6.600058480888196755e+03
6.590202919422732521e+03
6.579668472158681652e+03
6.568447506938181505e+03
6.556547248303874767e+03
6.543967492448150551e+03
6.530708035563401609e+03
6.516783530542516928e+03
6.502193773577889260e+03
6.486938560861907717e+03
6.471032545287463108e+03
6.454482951397197212e+03
6.437282147033251022e+03
6.419452213438765284e+03
6.400985518455879173e+03
6.381896714977486226e+03
6.362178375064529973e+03
6.341838744353687616e+03
6.320878844350186228e+03
6.299314553259756394e+03
6.277132035887127131e+03
6.254347170438028115e+03
6.230968406767939086e+03
6.207011623082589722e+03
6.182485269237458851e+03
6.157412651788527000e+03
6.131794792241023060e+03
6.105654997150926647e+03
6.079001716373717500e+03
6.051843399764876267e+03
6.024181068829631840e+03
5.996023173423461230e+03
5.967385591752097753e+03
5.938269345320769389e+03
5.908675455634705031e+03
5.878612372549386237e+03
5.848103402620789893e+03
5.817142139003898592e+03
5.785759316604938249e+03
5.753948528578891455e+03
5.721725653131486979e+03
5.689113996818704436e+03
5.656114581145772718e+03
5.622735855968172473e+03
5.588993699491633379e+03
5.554903989921882385e+03
5.520467748764152020e+03
5.485700854224170143e+03
5.450619184507668251e+03
5.415223761119873416e+03
5.379530462266516224e+03
5.343547737803077325e+03
5.307298894285534516e+03
5.270784953219119416e+03
5.234014364459309945e+03
5.197010434562086630e+03
5.159781613382927389e+03
5.122328922427064754e+03
5.084668239900225672e+03
5.046815444008140730e+03
5.008771556256038821e+03
4.970552454849650530e+03
4.932159161294204750e+03
4.893614982145681097e+03
4.854928367259560218e+03
4.816107766491320035e+03
4.777169116694305558e+03
4.738128589312328586e+03
4.698994986086559948e+03
4.659784537108428594e+03
4.620513472469354383e+03
4.581183165560264570e+03
4.541817274822833497e+03
4.502424601998235630e+03
4.463013948827646345e+03
4.423586688701988351e+03
4.384173908413186837e+03
4.344769553001917302e+03
4.305397280909854089e+03
4.266065893878171664e+03
4.226776765297793645e+03
4.187553553610397103e+03
4.148405060557153774e+03
4.109347516229490793e+03
4.070382294018329503e+03
4.031518195664847553e+03
3.992786307960967861e+03
3.954173147597116895e+03
3.915709801365217118e+03
3.877390214305943573e+03
3.839238044860971968e+03
3.801254666421225465e+03
3.763456309078129834e+03
3.725851774572859085e+03
3.688449864646588139e+03
3.651266809390740946e+03
3.614303982196242941e+03
3.577577613154517167e+03
3.541089075656490422e+03
3.504854599793586658e+03
3.468890415657228914e+03
3.433197896638343082e+03
3.397785844478104082e+03
3.362663060917685925e+03
3.327845776048512562e+03
3.293342791611759822e+03
3.259155480998351322e+03
3.225292645949462894e+03
3.191763088206268094e+03
3.158568181159691449e+03
3.125716726550907879e+03
3.093217526121091851e+03
3.061071953261168346e+03
3.029288809712311377e+03
2.997884325565946256e+03
2.966859874212997056e+03
2.936231588312992699e+03
2.906007782447627051e+03
2.876189245416450376e+03
2.846784194369260604e+03
2.817808274806106510e+03
2.789254847176287512e+03
2.761132128629601993e+03
2.733448336315849247e+03
2.706204259034577262e+03
2.679400685585336305e+03
2.653045833117923848e+03
2.627140490431889248e+03
2.601700303027281279e+03
2.576711203003148512e+03
2.552196264209790570e+03
2.528148847096505506e+03
2.504577168813093067e+03
2.481482018159101244e+03
2.458864183934078937e+03
2.436739311638074923e+03
2.415093333370138680e+03
2.393941894630318984e+03
2.373278355867913888e+03
2.353110934232723139e+03
2.333432990174044789e+03
2.314252740841678133e+03
2.295578403385422007e+03
2.277395909904324981e+03
2.259720905898435831e+03
2.242554180167303912e+03
2.225889093160227731e+03
2.209733862027006126e+03
2.194089275567187997e+03
2.178948694230072306e+03
2.164312906815207953e+03
2.150190130472392866e+03
2.136581154001177310e+03
2.123471909500609399e+03
2.110870614120487517e+03
2.098778056660361017e+03
2.087195025919779255e+03
2.076107453997789889e+03
2.065530986394442607e+03
2.055451555208785976e+03
2.045869949240369351e+03
2.036786957288741178e+03
2.028195939803199281e+03
2.020105113933544089e+03
2.012507840129073656e+03
2.005404907189337109e+03
1.998796909041002436e+03
1.992676231768967000e+03
1.987042494935496052e+03
1.981895318102856436e+03
1.977219464132814210e+03
1.973014552587635080e+03
1.969280203029586573e+03
1.966008606670683548e+03
1.963184526372692517e+03
1.960822438398380200e+03
1.958892248909011869e+03
1.957408434167354926e+03
1.956363185385424458e+03
1.955748693775237143e+03
1.955549722198559039e+03
1.955780746918156865e+03
1.956419102445546287e+03
1.957471836693243404e+03
1.958923712523014729e+03
1.960781777847376361e+03
1.963030795528094586e+03
1.965662956777185173e+03
1.968685309507165130e+03
1.972082616579799605e+03
1.975847069207105733e+03
1.979978286951349219e+03
1.984453604324046410e+03
1.989287497587963344e+03
1.994449872904366430e+03
1.999940349835522284e+03
2.005758547943695703e+03
2.011889230090654337e+03
2.018339444188913831e+03
2.025086524749989849e+03
2.032137519686399401e+03
2.039484620210158255e+03
2.047120017533282862e+03
2.055035902867789446e+03
2.063231895775943485e+03
2.071692759119512175e+03
2.080410684110511284e+03
2.089370433610707096e+03
2.098571627182365319e+03
2.107999027687253147e+03
2.117644826337385439e+03
2.127501214344779328e+03
2.137560382921451037e+03
2.147829379979916666e+03
2.158292968381941591e+03
2.168943339339543400e+03
2.179779988940104431e+03
2.190801919371475833e+03
2.201985724295876025e+03
2.213330282426273243e+03
2.224819615775135844e+03
2.236445174705182581e+03
2.248198409579130839e+03
2.260063342409449433e+03
2.272023995208605811e+03
2.284094103390068994e+03
2.296242832265807010e+03
2.308491345599538818e+03
2.320808808703231080e+03
2.333216385340603210e+03
2.345683240823623237e+03
2.358223110565759271e+03
2.370820016579479670e+03
2.383457980877252794e+03
2.396135882172046877e+03
2.408837742476329822e+03
2.421547583802569989e+03
2.434264284863735611e+03
2.446971867672295502e+03
2.459669210941216988e+03
2.472347765033219275e+03
2.485006408661269688e+03
2.497629163837836586e+03
2.510222337626139506e+03
2.522784808739145774e+03
2.535293170839072900e+03
2.547761159339389906e+03
2.560157939552064818e+03
2.572489818540316719e+03
2.584740818316612604e+03
2.596894960893421739e+03
2.608958553333961845e+03
2.620915617650701279e+03
2.632757604206357428e+03
2.644490820064150284e+03
2.656099287236546843e+03
2.667581884436516248e+03
2.678937490377025824e+03
2.690164983771043808e+03
2.701255814981289404e+03
2.712201434370480001e+03
2.723000720651583833e+03
2.733637695837070169e+03
2.744111238639905878e+03
2.754412799422810167e+03
2.764533828548500878e+03
2.774465815086123257e+03
2.784207831280780283e+03
2.793751559733752401e+03
2.803096111396568631e+03
2.812248025571008839e+03
2.821191556508103986e+03
2.829933243509633030e+03
2.838464769176875961e+03
2.846777816111113225e+03
2.854886351964374171e+03
2.862767202637438913e+03
2.870434335782336802e+03
2.877872005650098799e+03
2.885079323192253923e+03
2.892055399360332558e+03
2.898799345105864631e+03
2.905302843030129679e+03
2.911557575734407692e+03
2.917570082520478536e+03
2.923324617639372264e+03
2.928827720392868741e+03
2.934071073382247960e+03
2.939046359208789909e+03
2.943767545524523484e+03
2.948218886580480103e+03
2.952414350028688659e+03
2.956345618470429145e+03
2.960011802857232396e+03
2.963412014140626979e+03
2.966552791622393215e+03
2.969418389553561610e+03
2.972022775586161515e+03
2.974357632321472920e+03
2.976414642360775360e+03
2.978207773356099096e+03
2.979721279558474635e+03
2.980969128619930871e+03
2.981943003141748250e+03
2.982649442425705729e+03
2.983072700722835179e+03
2.983234174035414526e+03
2.983125544964725123e+03
2.982738496112045141e+03
2.982086995129406205e+03
2.981170152968337334e+03
2.979979652230118973e+03
2.978522032216530079e+03
2.976796403879101945e+03
2.974801878169363135e+03
2.972537566038844489e+03
2.970017597868737539e+03
2.967227041555888263e+03
2.964180841127303665e+03
2.960886512259740812e+03
2.957336713929457346e+03
2.953531533462960851e+03
2.949493343237507816e+03
2.945207373879106854e+03
2.940681141064514577e+03
2.935914732120239023e+03
2.930923091073287196e+03
2.925691448549666347e+03
2.920234748576384391e+03
2.914560506830198392e+03
2.908653953937116057e+03
2.902530033924144846e+03
2.896196262468041823e+03
2.889645298545064179e+03
2.882884657831970344e+03
2.875914427655266536e+03
2.868742123691710731e+03
2.861375261618060449e+03
2.853813928760823273e+03
2.846058212446505877e+03
2.838130485052366566e+03
2.830015977204412138e+03
2.821737061279900445e+03
2.813286396255088221e+03
2.804671497806733896e+03
2.795899881611593628e+03
2.786979063346425846e+03
2.777909130337737679e+03
2.768690169912036708e+03
2.759337126096329939e+03
2.749850086217124954e+03
2.740229137600929789e+03
2.730481795924500602e+03
2.720623005214845762e+03
2.710637996097972064e+03
2.700549140951138270e+03
2.690356527100850144e+03
2.680060241873615723e+03
2.669667800946192528e+03
2.659179291645087687e+03
2.648609657997309114e+03
2.637958987329364390e+03
2.627227366967760645e+03
2.616422312589254034e+03
2.605551339870603897e+03
2.594614536138316907e+03
2.583626982519870580e+03
2.572574595143623810e+03
2.561487997339906087e+03
2.550353242337546817e+03
2.539178668416125220e+03
2.527980042205469545e+03
2.516750845284660500e+03
2.505506844283526334e+03
2.494256377481646723e+03
2.482985498107850617e+03
2.471724829492467961e+03
2.460460424864326797e+03
2.449200622503007253e+03
2.437968617388588882e+03
2.426743034399649787e+03
2.415554496866519912e+03
2.404396486368278602e+03
2.393277341184504621e+03
2.382197971244527253e+03
2.371166714827926626e+03
2.360199338564530990e+03
2.349289324033420144e+03
2.338437581163922914e+03
2.327659876585868915e+03
2.316957120228586973e+03
2.306337650371656764e+03
2.295794948594156722e+03
2.285352209876167308e+03
2.274995487446516563e+03
2.264740547935035011e+03
2.254588301271051023e+03
2.244539657383893427e+03
2.234610382903392292e+03
2.224793959408626961e+03
2.215098725179176199e+03
2.205533018494619682e+03
2.196097749284285328e+03
2.186793827477504237e+03
2.177629591353854721e+03
2.168605950842665152e+03
2.159731244223516569e+03
2.150998953075487861e+03
2.142432272378656762e+03
2.134009827011604102e+03
2.125754811954408524e+03
2.117668137136398400e+03
2.109743284136654893e+03
2.101988591234755859e+03
2.094404968360031035e+03
2.087008182142309579e+03
2.079784275480232736e+03
2.072741535002443925e+03
2.065888237007398402e+03
2.059225229443301032e+03
2.052760788608606617e+03
2.046480905751021282e+03
2.040401285519249541e+03
2.034522775861497166e+03
2.028846224725969250e+03
2.023372480060870430e+03
2.018102389814406479e+03
2.013044230285033109e+03
2.008191421070704564e+03
2.003552238469876556e+03
1.999127530430754405e+03
1.994910716551293262e+03
1.990910073129948159e+03
1.987133876465173898e+03
1.983568117804676831e+03
1.980228501797161925e+03
1.977108448040583653e+03
1.974208804483147560e+03
1.971530419073058965e+03
1.969074139758523188e+03
1.966848242837995258e+03
1.964846147909431238e+03
1.963068702921035083e+03
1.961509327470762400e+03
1.960183726207318614e+03
1.959085318728659104e+03
1.958207524632739478e+03
1.957551191867763464e+03
1.957124596732187683e+03
1.956928587174217228e+03
1.956949154441556402e+03
1.957194574832661147e+03
1.957665696295737007e+03
1.958363366778988166e+03
1.959288434230620851e+03
1.960434318248589761e+03
1.961801866781100216e+03
1.963391927776357761e+03
1.965205349182567261e+03
1.967235550597684096e+03
1.969490808320163524e+03
1.971949685247460366e+03
1.974635314378530438e+03
1.977526258610828563e+03
1.980638222593060391e+03
1.983957197572930227e+03
1.987483896808243799e+03
1.991211066444955122e+03
1.995146174639117589e+03
1.999289261196534653e+03
2.003618080872259725e+03
2.008154958522846300e+03
2.012877648903348927e+03
2.017786191819571059e+03
2.022888055427564950e+03
2.028168422832635315e+03
2.033627333840585834e+03
2.039272256607469672e+03
2.045080945888340239e+03
2.051060869839251609e+03
2.057212068266007464e+03
2.063519724273910924e+03
2.069983877668765672e+03
2.076604568256375842e+03
2.083374407492294267e+03
2.090293435182325084e+03
2.097354262782021578e+03
2.104556930097187887e+03
2.111901476933627237e+03
2.119380514746892914e+03
2.126994083342788599e+03
2.134734794176868490e+03
2.142602687054935814e+03
2.150597801782794249e+03
2.158697893115496754e+03
2.166917857559347794e+03
2.175250306569900658e+03
2.183680423252459150e+03
2.192215675763076433e+03
2.200848675557306251e+03
2.209564605740452862e+03
2.218378362818818459e+03
2.227267701547457818e+03
2.236240090082424103e+03
2.245288139879270602e+03
2.254404462393551967e+03
2.263581669080821030e+03
2.272819799746881472e+03
2.282118894197536520e+03
2.291464135538090432e+03
2.300855563574346434e+03
2.310285789761858723e+03
2.319754853906430071e+03
2.329255367463613766e+03
2.338787370239215306e+03
2.348343473688786162e+03
2.357916154041079153e+03
2.367497346617639323e+03
2.377093708213710670e+03
2.386697038924035951e+03
2.396299138843359287e+03
2.405891808066423891e+03
2.415489131738722790e+03
2.425075481604751076e+03
2.434650086109500080e+03
2.444204745347714834e+03
2.453738687764388487e+03
2.463243713454263798e+03
2.472719050862335280e+03
2.482149071733095752e+03
2.491533004511539275e+03
2.500870077642659453e+03
2.510144662870949105e+03
2.519363416991651775e+03
2.528503283399011252e+03
2.537578347238521019e+03
2.546572980254674803e+03
2.555478982542215817e+03
2.564303010896387605e+03
2.573029437061683439e+03
2.581657489483097834e+03
2.590193824955872515e+03
2.598630243574752512e+03
2.606965973784730522e+03
2.615200244030800150e+03
2.623324854407705061e+03
2.631346461710689255e+03
2.639249437684245549e+03
2.647040439123617489e+03
2.654703837773298346e+03
2.662238862078282637e+03
2.669629883783062724e+03
2.676883559682882606e+03
2.683991689872485949e+03
2.690938646096366028e+03
2.697738513500016779e+03
2.704375663827930111e+03
2.710856753875351842e+03
2.717173583737023364e+03
2.723325381857939647e+03
2.729303948332844357e+03
2.735115939956979219e+03
2.740760585175339656e+03
2.746229684082668427e+03
2.751529893474208166e+03
2.756653013444703447e+03
2.761598258258105943e+03
2.766372213804448165e+03
2.770959166741970876e+03
2.775365688779666925e+03
2.779576066575776167e+03
2.783582015138789302e+03
2.787382677827448788e+03
2.790977198000495264e+03
2.794357290666420340e+03
2.797522099183964656e+03
2.800470766911869305e+03
2.803217293909376167e+03
2.805753395184975489e+03
2.808085642447659211e+03
2.810220607406417912e+03
2.812157433419993595e+03
2.813887835496876960e+03
2.815410956995808647e+03
2.816718512925280720e+03
2.817802218293784335e+03
2.818653788109810193e+03
2.819272365732099388e+03
2.819649666169143529e+03
2.819792261129933649e+03
2.819706722323461236e+03
2.819392193108466472e+03
2.818855245193941755e+03
2.818095021938627724e+03
2.817125523401765349e+03
2.815945892942095725e+03
2.814555273918360854e+03
2.812945381339050982e+03
2.811107930212658175e+03
2.809049492248173010e+03
2.806754354103836704e+03
2.804214230788140867e+03
2.801435694010075622e+03
2.798425315478633365e+03
2.795167381852055314e+03
2.791690749890081861e+03
2.787987134601203707e+03
2.784063107694414157e+03
2.779917812528452032e+03
2.775572677512809605e+03
2.771004560955478155e+03
2.766227462915698652e+03
2.761225670051712768e+03
2.756005754072510626e+03
2.750559429986584291e+03
2.744878412802424464e+03
2.738976813291899816e+03
2.732846900026635922e+03
2.726495908991386841e+03
2.719923647820654423e+03
2.713152209199693061e+03
2.706166544062505636e+03
2.698988745094344722e+03
2.691618619929714441e+03
2.684055976203117552e+03
2.676300621549056814e+03
2.668359791952286287e+03
2.660225866697058336e+03
2.651913510118376507e+03
2.643415101500494529e+03
2.634730448477914706e+03
2.625874215385640127e+03
2.616831353157674585e+03
2.607609097778770774e+03
2.598214685233682303e+03
2.588640494806662446e+03
2.578893762482464354e+03
2.568981724245840724e+03
2.558896759381045285e+03
2.548653532223080674e+03
2.538251850406450103e+03
2.527698949915907178e+03
2.516994638385955113e+03
2.506161008501846482e+03
2.495183011197585529e+03
2.484075310808174436e+03
2.472830286617866932e+03
2.461462602961665652e+03
2.449964639123824327e+03
2.438336202738845714e+03
2.426584529791483419e+03
2.414709427916240656e+03
2.402710704747620184e+03
2.390603024620625547e+03
2.378371338469259626e+03
2.366037738978774996e+03
2.353594605433426750e+03
2.341049173817966675e+03
2.328401251766897531e+03
2.315665503615224225e+03
2.302826880296948275e+03
2.289907474497322710e+03
2.276899665500602623e+03
2.263810689291539802e+03
2.250647781854887398e+03
2.237410750825149080e+03
2.224099531299937098e+03
2.210729424929802462e+03
2.197301004127905799e+03
2.183814841307406368e+03
2.170278937231715645e+03
2.156693864313993345e+03
2.143075051667899515e+03
2.129415643356344390e+03
2.115723640142738532e+03
2.101999614440242112e+03
2.088251567012265696e+03
2.074487498622219391e+03
2.060707981683262915e+03
2.046913588608557120e+03
2.033104891811262178e+03
2.019297320405038363e+03
2.005484018452795681e+03
1.991665558367694530e+03
1.977857369263395412e+03
1.964060023553058727e+03
1.950266665299593797e+03
1.936492723616662261e+03
1.922746199267673092e+03
1.909012807965287493e+03
1.895315407173415451e+03
1.881647140954966744e+03
1.868016010073352390e+03
1.854430015291982045e+03
1.840889729024016560e+03
1.827395723682615881e+03
1.813948571680939494e+03
1.800563702132649041e+03
1.787234259100654299e+03
1.773968243348365604e+03
1.760766227288942900e+03
1.747628783335546586e+03
1.734563912251586999e+03
1.721572186450223853e+03
1.708661606694868397e+03
1.695825317048430406e+03
1.683078746624570158e+03
1.670415039486197657e+03
1.657842196396723921e+03
1.645360789769308212e+03
1.632978820367362005e+03
1.620689432253794394e+03
1.608508054542266109e+03
1.596427831295687611e+03
1.584449334927219070e+03
1.572587994550520534e+03
1.560836985490794177e+03
1.549197036472660557e+03
1.537676335833280973e+03
1.526268215209317304e+03
1.514988291288181699e+03
1.503829895706535353e+03
1.492801216801541159e+03
1.481895586209859857e+03
1.471121192268654113e+03
1.460486223315085681e+03
1.449984010985815985e+03
1.439622743618007462e+03
1.429403181198571701e+03
1.419326083714420520e+03
1.409392211152465734e+03
1.399602323499619388e+03
1.389964609093043009e+03
1.380472399569398704e+03
1.371133883265848453e+03
1.361949820169304076e+03
1.352913541916426993e+03
1.344033236844379644e+03
1.335309664940073844e+03
1.326751014540670894e+03
1.318343188932583189e+03
1.310094376452972256e+03
1.302012765439000304e+03
1.294091687527328986e+03
1.286331902704870117e+03
1.278741599308785680e+03
1.271314108975737554e+03
1.264050191692637327e+03
1.256950607446397271e+03
1.250023544574178914e+03
1.243262334712644133e+03
1.236667737848704974e+03
1.230247942319523418e+03
1.223996279761760889e+03
1.217913510162329658e+03
1.212000393508141315e+03
1.206257689786107449e+03
1.200693587333390951e+03
1.195293989436402626e+03
1.190074512782554848e+03
1.185021060658259103e+03
1.180141821400677827e+03
1.175437554996722383e+03
1.170909021433304815e+03
1.166549552347087001e+03
1.162367336075230696e+03
1.158348197331533584e+03
1.154507359940335164e+03
1.150830255752361381e+03
1.147324601669087087e+03
1.143975829541238227e+03
1.140799084620539816e+03
1.137779798757717799e+03
1.134925688854247483e+03
1.132237043461354006e+03
1.129699294429762858e+03
1.127327587011199967e+03
1.125107353056390366e+03
1.123038881116559423e+03
1.121137316443432837e+03
1.119380662537486160e+03
1.117784064650444407e+03
1.116347811333533400e+03
1.115057334437478403e+03
1.113920350863754948e+03
1.112937149163588401e+03
1.112100589537954420e+03
1.111410960538078371e+03
1.110853694014685516e+03
1.110443935219501327e+03
1.110159687653001583e+03
1.110016096566911301e+03
1.109998593811956198e+03
1.110107467939361868e+03
1.110357864200853328e+03
1.110727786096906129e+03
1.111232378879245971e+03
1.111857074398598343e+03
1.112617017906688261e+03
1.113497641254241671e+03
1.114506661342733878e+03
1.115629510022889917e+03
1.116859047495685672e+03
1.118210419012846387e+03
1.119669056425097779e+03
1.121227819933415049e+03
1.122894426439273730e+03
1.124661736143649250e+03
1.126522609247517266e+03
1.128492191002602794e+03
1.130555913259631552e+03
1.132714064569828906e+03
1.134966933484420451e+03
1.137314808554631554e+03
1.139750549981437416e+03
1.142274446316064086e+03
1.144879246839849657e+03
1.147564685505836223e+03
1.150330385347429001e+03
1.153175969398032976e+03
1.156086203990553258e+03
1.159068140508644774e+03
1.162113973635463026e+03
1.165223326404412774e+03
1.168388393498648838e+03
1.171616226301827282e+03
1.174899019497102245e+03
1.178236396117879394e+03
1.181620550847313552e+03
1.185051106718809933e+03
1.188520258415523585e+03
1.192035057321109662e+03
1.195580269768473272e+03
1.199170375491519280e+03
1.202782712472903313e+03
1.206431760446529779e+03
1.210102285745304471e+03
1.213801339752882086e+03
1.217513688802167508e+03
1.221246384276816343e+03
1.224991620859983641e+03
1.228756449935324099e+03
1.232525637835743282e+03
1.236306235944895889e+03
1.240083010595687256e+03
1.243870441522022475e+03
1.247653295056806655e+03
1.251431194233444558e+03
1.255203762085341850e+03
1.258970621645903293e+03
1.262723967598283934e+03
1.266463422975888989e+03
1.270188610812123898e+03
1.273891725790142800e+03
1.277572390943352048e+03
1.281230229305155717e+03
1.284864863908959251e+03
1.288468489437917924e+03
1.292040728925436724e+03
1.295581205404920865e+03
1.299089541909775107e+03
1.302557933123154726e+03
1.305993430428714873e+03
1.309388228509610826e+03
1.312734522048997405e+03
1.316046790780779929e+03
1.319302332203218839e+03
1.322515423628248072e+03
1.325670588482406629e+03
1.328782063593234398e+03
1.331834372387269923e+03
1.334826894991552990e+03
1.337766439883372868e+03
1.340637530489268556e+03
1.343454403636779716e+03
1.346201582752445120e+03
1.348885876313554718e+03
1.351499236096897448e+03
1.354048470579762579e+03
1.356525531538939731e+03
1.358929799101468006e+03
1.361260653394386509e+03
1.363517474544734796e+03
1.365699642679551971e+03
1.367799109575627654e+03
1.369815255360000720e+03
1.371754888509960665e+03
1.373609960802296655e+03
1.375379852364048475e+03
1.377071371672504938e+03
1.378669042154205499e+03
1.380172243936189261e+03
1.381595213845995886e+03
1.382929903660414539e+03
1.384168265156234384e+03
1.385324535160994856e+03
1.386383237101235181e+03
1.387351179454244402e+03
1.388227742347062303e+03
1.389004877556478277e+03
1.389689393559780910e+03
1.390280670484009988e+03
1.390770660105954903e+03
1.391166170902904469e+03
1.391466583001898698e+03
1.391656419829476135e+03
1.391757346563426836e+03
1.391753886630289117e+03
1.391652848507353383e+03
1.391446183971408118e+03
1.391140701499743045e+03
1.390735781219397040e+03
1.390230803257409889e+03
1.389617719390570755e+03
1.388903338096168909e+03
1.388087039501243453e+03
1.387168258647081075e+03
1.386146650231957210e+03
1.385029352218643908e+03
1.383801217519163629e+03
1.382476812446539498e+03
1.381048418263043459e+03
1.379523172931448016e+03
1.377900786064275508e+03
1.376180967274048726e+03
1.374363426173290236e+03
1.372447872374522149e+03
1.370441443840516968e+03
1.368336421833547320e+03
1.366139944316385709e+03
1.363851720901554245e+03
1.361464032851325783e+03
1.358984018128472826e+03
1.356411386345517712e+03
1.353753275465232491e+03
1.351001966749890471e+03
1.348164598162263246e+03
1.345240879314874064e+03
1.342230519820245036e+03
1.339133229290898271e+03
1.335948717339357017e+03
1.332684121928392869e+03
1.329339152670529302e+03
1.325906090828037804e+03
1.322399502713941274e+03
1.318811669590512565e+03
1.315142301070273561e+03
1.311398535115996765e+03
1.307580081340204970e+03
1.303686649355420514e+03
1.299717948774165961e+03
1.295673689208963424e+03
1.291561008622585632e+03
1.287379616627555151e+03
1.283129222836394092e+03
1.278802108511375764e+03
1.274420268315771409e+03
1.269968555161604399e+03
1.265454107011646784e+03
1.260884061828671065e+03
1.256250700874950098e+03
1.251553733763005994e+03
1.246800298455611255e+03
1.241997532915538386e+03
1.237137718405059786e+03
1.232220564536698248e+03
1.227253299474853975e+03
1.222236083840189622e+03
1.217169168454996225e+03
1.212060232491814531e+03
1.206902098422685185e+03
1.201702445420148933e+03
1.196461524306497040e+03
1.191187014254269570e+03
1.185879166085758015e+03
1.180530802273002337e+03
1.175149601988544191e+03
1.169743244404924098e+03
1.164304551994182702e+03
1.158841203928860523e+03
1.153360879381498535e+03
1.147848972473888125e+03
1.142320590728819298e+03
1.136775984968583316e+03
1.131215406015470535e+03
1.125631676341522052e+03
1.120047331819778719e+03
1.114440338221781076e+03
1.108833231420569973e+03
1.103211405537936571e+03
1.097589968096671100e+03
1.091961741568814432e+03
1.086334405126907768e+03
1.080708209593241691e+03
1.075090834140356492e+03
1.069475101240293725e+03
1.063861261715343971e+03
1.058256994738047524e+03
1.052669979480945813e+03
1.047085610065829314e+03
1.041518994015488715e+03
1.035962953801965114e+03
1.030425168597799029e+03
1.024905889225281271e+03
1.019405366506702990e+03
1.013923851264354312e+03
1.008469022670776553e+03
1.003041131548260296e+03
9.976330003688464103e+02
9.922523083050756441e+02
9.868993061792386925e+02
9.815816731638765305e+02
9.762922317310298013e+02
9.710386610532392524e+02
9.658137836025459819e+02
9.606327069017403346e+02
9.554808667212411137e+02
9.503661504767268298e+02
9.452964872325044325e+02
9.402649493523801993e+02
9.352794659006603979e+02
9.303405375914021533e+02
9.254486651386615677e+02
9.206043492564955386e+02
9.158006623087101161e+02
9.110603900601120131e+02
9.063617481740078574e+02
9.017200940649543099e+02
8.971359284470073590e+02
8.926023236839740775e+02
8.881272088401608471e+02
8.837036562793739449e+02
8.793470234161702592e+02
8.750503826143561810e+02
8.708142345879880395e+02
8.666390800511225052e+02
8.625254197178163622e+02
8.584811826523756508e+02
8.544994412186072168e+02
8.505799532955425093e+02
8.467306479474880234e+02
8.429497973834254481e+02
8.392379023174111126e+02
8.355954634635015736e+02
8.320229815357536154e+02
8.285217000832483336e+02
8.250921198200423987e+02
8.217347414601924811e+02
8.184500657177551375e+02
8.152385933067866972e+02
8.121015677763688245e+02
8.090387470055329686e+02
8.060513745433606800e+02
8.031392082688836354e+02
8.003027488961580502e+02
7.975439828092905827e+02
7.948619250522879156e+02
7.922570763392063782e+02
7.897299373841026409e+02
7.872817517360581405e+02
7.849107916040544524e+02
7.826190433721980071e+02
7.804055220844953737e+02
7.782714712900282166e+02
7.762159060328028772e+02
7.742393270268760261e+02
7.723421983916318823e+02
7.705240950327408882e+02
7.687845552612013762e+02
7.671231173880113374e+02
7.655415482292440856e+02
7.640371575908229715e+02
7.626109694537962014e+02
7.612625221291617663e+02
7.599913539279181123e+02
7.587962603260384640e+02
7.576782653045710276e+02
7.566361643394888006e+02
7.556694957417903424e+02
7.547777978224736444e+02
7.539606088925369249e+02
7.532174672629785164e+02
7.525479112447966372e+02
7.519514791489893923e+02
7.514277092865552277e+02
7.509753971334670268e+02
7.505948238357483433e+02
7.502855277043972819e+02
7.500455613803619599e+02
7.498752060096657033e+02
7.497732570682817368e+02
7.497392528672081653e+02
7.497727317174434347e+02
7.498724890949605424e+02
7.500373204757327130e+02
7.502675070057835001e+02
7.505618441610856735e+02
7.509183845825876915e+02
7.513381522513378741e+02
7.518191998082841110e+02
7.523603227294000817e+02
7.529618021607085439e+02
7.536216907431579557e+02
7.543402696227716433e+02
7.551155914404974965e+02
7.559464516723090810e+02
7.568331314642294956e+02
7.577736834572068574e+02
7.587676459622394987e+02
7.598130716202756503e+02
7.609102415773384109e+02
7.620572084743762389e+02
7.632535106223870116e+02
7.644972006623193010e+02
7.657885597401960922e+02
7.671256404969657297e+02
7.685079084521261166e+02
7.699337951241483324e+02
7.714038877450783502e+02
7.729091166916372231e+02
7.744597260511957302e+02
7.760481318705250260e+02
7.776741785466458623e+02
7.793377104765792183e+02
7.810311437070959073e+02
7.827543226352169086e+02
7.845070916579633149e+02
7.862967235226058165e+02
7.881082059256654020e+02
7.899488116144131027e+02
7.918183849858696703e+02
7.937019137365562074e+02
7.956140989639935697e+02
7.975473567149525707e+02
7.994941030362041374e+02
8.014690390252694669e+02
8.034497240284192685e+02
8.054508591431743980e+02
8.074648604163058963e+02
8.094915722448347424e+02
8.115234106755317498e+02
8.135676484556678361e+02
8.156241299822638666e+02
8.176852713020911096e+02
8.197509168121699759e+02
8.218134825592718471e+02
8.238876696409173519e+02
8.259584657536277064e+02
8.280257152944234349e+02
8.300892626603258577e+02
8.321563805986054376e+02
8.342194851560335564e+02
8.362709923793808002e+02
8.383181750159185412e+02
8.403534491124172519e+02
8.423840874161479633e+02
8.444025059738816026e+02
8.464085491826392627e+02
8.484094897896916336e+02
8.503903154915598179e+02
8.523508706852646810e+02
8.542984281180771404e+02
8.562328321870180616e+02
8.581390705886084334e+02
8.600318444203692252e+02
8.618961413788213122e+02
8.637466217475575831e+02
8.655680691534583957e+02
8.673675114602265239e+02
8.691445481813141214e+02
8.708913504799243128e+02
8.726075178695090244e+02
8.742926498635208645e+02
8.759537743256627209e+02
8.775756340688864157e+02
8.791726853071450023e+02
8.807296708533906440e+02
8.822536185713261148e+02
8.837366996241539709e+02
8.851859418755763045e+02
8.865935164887956716e+02
8.879664513275151876e+02
8.892969175549366128e+02
8.905919430347626076e+02
8.918436989301960693e+02
8.930517847546891517e+02
8.942158000216944629e+02
8.953353442446643840e+02
8.964174452873016889e+02
8.974468459625585410e+02
8.984305741341377143e+02
8.993682293154914760e+02
9.002519826698223824e+02
9.010888620608332076e+02
9.018784670019761052e+02
9.026203970067036835e+02
9.033068232382183851e+02
9.039447735602229841e+02
9.045264191359196957e+02
9.050587878290109529e+02
9.055340508026994257e+02
9.059592359206877745e+02
9.063265143461783282e+02
9.066354855926234677e+02
9.068931775237257398e+02
9.070991896529378664e+02
9.072456931434621765e+02
9.073322875087509374e+02
9.073585722622570984e+02
9.073315752676829788e+02
9.072434676882310214e+02
9.070938490373536069e+02
9.068897471787536233e+02
9.066233332756330583e+02
9.062942068414449750e+02
9.059093957398914654e+02
9.054685209796600702e+02
9.049638612001283491e+02
9.043951448861588460e+02
9.037695288728638161e+02
9.030867416451060308e+02
9.023465116877475793e+02
9.015485674856513469e+02
9.006852091734297119e+02
8.997635935861949292e+02
8.987834492088094294e+02
8.977445045261360974e+02
8.966464880230371364e+02
8.954891281843749766e+02
8.942721534950120486e+02
8.929952924398111236e+02
8.916657018538843431e+02
8.902756818718444265e+02
8.888323893288036288e+02
8.873281243593745558e+02
8.857626154484198651e+02
8.841504477813015228e+02
8.824764931423825374e+02
8.807404800165251118e+02
8.789569935890917804e+02
8.771109056444448697e+02
8.752168013679471414e+02
8.732669808942108602e+02
8.712611727080985702e+02
8.692065336447227537e+02
8.670953638386956754e+02
8.649348201251300452e+02
8.627172026386382413e+02
8.604496682143328599e+02
8.581393736873262696e+02
8.557711908419810243e+02
8.533597048636594309e+02
8.508897875367241568e+02
8.483760240465375091e+02
8.458181428779620319e+02
8.432047299904852480e+02
8.405466563943446090e+02
8.378421649043524440e+02
8.350917268403964044e+02
8.322950706873388071e+02
8.294534106000924112e+02
8.265672178985445271e+02
8.236377067376073455e+02
8.206646056021437516e+02
8.176491286470661635e+02
8.145917471922617779e+02
8.114929887672061568e+02
8.083550914097758096e+02
8.051773780273351804e+02
8.019614000323234677e+02
7.987087088371804384e+02
7.954193701842951896e+02
7.920941926510821531e+02
7.887347276499809823e+02
7.853417837584059953e+02
7.819161695537715104e+02
7.784586936134918460e+02
7.749723930200567565e+02
7.714565906808302316e+02
7.679135808432770318e+02
7.643449149198363557e+02
7.607506586528975276e+02
7.571323634549004282e+02
7.534915807382838011e+02
7.498283762454377666e+02
7.461443013888010682e+02
7.424401647457885929e+02
7.387167748938145451e+02
7.349749404102933568e+02
7.312162127076643401e+02
7.274414003633421544e+02
7.236520547897659981e+02
7.198482417293253093e+02
7.160315125944596275e+02
7.122034187976082649e+02
7.083640260811605458e+02
7.045148858575561235e+02
7.006560638691842087e+02
6.967898543635089936e+02
6.929163230829204849e+02
6.890362786048326598e+02
6.851512723416849440e+02
6.812606272008420092e+02
6.773673802647929278e+02
6.734715972759273654e+02
6.695740868116596403e+02
6.656756574494039569e+02
6.617786034366250760e+02
6.578822476806873283e+02
6.539888844290550196e+02
6.500978365890925943e+02
6.462113984082644720e+02
6.423303784639848573e+02
6.384540996636185355e+02
6.345848562546296989e+02
6.307227139794077857e+02
6.268685192155580808e+02
6.230232695414495083e+02
6.191887431706666121e+02
6.153644898117192952e+02
6.115522876781919877e+02
6.077531721486448077e+02
6.039681786016371916e+02
6.001983424157289164e+02
5.964446989694798731e+02
5.927075408064243902e+02
5.889879033051224724e+02
5.852875646791587769e+02
5.816060746370429797e+02
5.779459542273848456e+02
5.743067531586941641e+02
5.706902496445554789e+02
5.670959933934786932e+02
5.635257626190482370e+02
5.599805926998241148e+02
5.564600333443158888e+02
5.529666056011333239e+02
5.494991163437612158e+02
5.460593437857841081e+02
5.426483233057617781e+02
5.392663474472291227e+02
5.359137087537205844e+02
5.325921854388210477e+02
5.293020700460650687e+02
5.260443979540127657e+02
5.228187188711732460e+02
5.196268110111316219e+02
5.164689669174227902e+02
5.133454791335808522e+02
5.102566402031410462e+02
5.072027426696379280e+02
5.041855647466560981e+02
5.012046561427055167e+02
4.982603094013206828e+02
4.953535599010613737e+02
4.924847001854624864e+02
4.896540227980584064e+02
4.868625631174090813e+02
4.841098708520241871e+02
4.813969813804633873e+02
4.787241872462614083e+02
4.760910381579280397e+02
4.734993123290478820e+02
4.709485594681307248e+02
4.684383292836863575e+02
4.659711428243243176e+02
4.635450546141936456e+02
4.611610524602997998e+02
4.588193718203126537e+02
4.565202481519018534e+02
4.542639169127371019e+02
4.520498707254633359e+02
4.498790878827751385e+02
4.477510610073172757e+02
4.456660255567596209e+02
4.436242169887717637e+02
4.416258707610235774e+02
4.396712223311847083e+02
4.377597643218999792e+02
4.358917321908389795e+02
4.340673613956717531e+02
4.322868873940677759e+02
4.305498028086719842e+02
4.288563430971539105e+02
4.272060008821586052e+02
4.255990116213554870e+02
4.240356107724144863e+02
4.225152909579803691e+02
4.210382876357227815e+02
4.196040934282866033e+02
4.182129437933414238e+02
4.168650741885570596e+02
4.155592344015533399e+02
4.142964027250249046e+02
4.130760717816165197e+02
4.118977341939730081e+02
4.107616254197639591e+02
4.096672380816343093e+02
4.086140648022287678e+02
4.076030838742419178e+02
4.066330450852936451e+02
4.057034410580287158e+02
4.048152500851418267e+02
4.039672219542526932e+02
4.031595921230311887e+02
4.023918532141219089e+02
4.016634978501696764e+02
4.009747614888441944e+02
4.003251367527903426e+02
3.997148590996777102e+02
3.991426783171260695e+02
3.986088298628053508e+02
3.981128063593600359e+02
3.976541004294350046e+02
3.972329475306999598e+02
3.968480974507747874e+02
3.964997450759565254e+02
3.961879230070522908e+02
3.959103947684214972e+02
3.956686380595486980e+02
3.954604164047933068e+02
3.952849789985648954e+02
3.951430607053227959e+02
3.950331678844515864e+02
3.949552925653857756e+02
3.949079411075098847e+02
3.948911055402582519e+02
3.949032922230154554e+02
3.949452360202409409e+02
3.950154432913192295e+02
3.951131632306596657e+02
3.952376450326719919e+02
3.953888807267904326e+02
3.955661195074246166e+02
3.957678677339589512e+02
3.959941174358280023e+02
3.962441178074411141e+02
3.965171180432078586e+02
3.968123673375378075e+02
3.971298577198652424e+02
3.974680955495747980e+02
3.978270728561008696e+02
3.982060388338529719e+02
3.986049855122656140e+02
3.990216764156982663e+02
3.994561035735853807e+02
3.999090018503864599e+02
4.003773919354359236e+02
4.008620086931933884e+02
4.013621013180681985e+02
4.018769190044699258e+02
4.024057109468079716e+02
4.029477263394919078e+02
4.035029572119561294e+02
4.040706527586102084e+02
4.046493193388385521e+02
4.052389489820757262e+02
4.058395337177560691e+02
4.064488370702391649e+02
4.070683367390094531e+02
4.076950534134015243e+02
4.083304647928997042e+02
4.089730772368885141e+02
4.096213971047525320e+02
4.102761592609511467e+02
4.109366128998938734e+02
4.116019751619952558e+02
4.122713349716906919e+02
4.129444920344452612e+02
4.136205032206993906e+02
4.142991682359184438e+02
4.149788011155176832e+02
4.156592015649624727e+02
4.163394264546931254e+02
4.170200183251998851e+02
4.176985483768732479e+02
4.183755591502034008e+02
4.190493646806057200e+02
4.197197646735455123e+02
4.203865588344880848e+02
4.210488040338738074e+02
4.217062999771679870e+02
4.223573606997858860e+02
4.230017859071929820e+02
4.236401181398794620e+02
4.242699285982357083e+02
4.248925026577770154e+02
4.255061543539187028e+02
4.261099405571011403e+02
4.267051466428396225e+02
4.272893438115245317e+02
4.278623317686210612e+02
4.284246530546196254e+02
4.289746217049356574e+02
4.295120374250342365e+02
4.300366999203808405e+02
4.305476660614157254e+02
4.310447355536043119e+02
4.315269652673869132e+02
4.319941549082286656e+02
4.324453613465701665e+02
4.328818699579266536e+02
4.333019947777132757e+02
4.337055355113955670e+02
4.340922918644387209e+02
4.344620635423082149e+02
4.348146502504692421e+02
4.351491088593621157e+02
4.354652390744521995e+02
4.357620977661798634e+02
4.360409703100603451e+02
4.362994279064840839e+02
4.365380130959413236e+02
4.367572684189223651e+02
4.369547650758175905e+02
4.371325312771673453e+02
4.372888832422481755e+02
4.374243744308569717e+02
4.375388176516268004e+02
4.376312828781657345e+02
4.377015829191068406e+02
4.377502734181084634e+02
4.377764243487785620e+02
4.377798485197502032e+02
4.377603587396565672e+02
4.377185106521558282e+02
4.376533742308559454e+02
4.375647622843900990e+02
4.374532304564164633e+02
4.373178487205430542e+02
4.371599155554530967e+02
4.369785009347545497e+02
4.367734176670806505e+02
4.365452213960894028e+02
4.362937249304139868e+02
4.360187410786875830e+02
4.357200826495432011e+02
4.353975624516140783e+02
4.350517361285581046e+02
4.346816736539835802e+02
4.342886735065735024e+02
4.338710628249111210e+02
4.334301400876794332e+02
4.329657181035115059e+02
4.324768668460156391e+02
4.319648847938747735e+02
4.314288419206970389e+02
4.308692938701406661e+02
4.302860534508386650e+02
4.296796763064492666e+02
4.290492324105803732e+02
4.283960202419152097e+02
4.277198526090869564e+02
4.270197994857035724e+02
4.262971593504483963e+02
4.255517450119542673e+02
4.247826264438294857e+02
4.239911021247571057e+02
4.231769848633702509e+02
4.223393446332770509e+02
4.214794799131605600e+02
4.205964606766289648e+02
4.196915854023652628e+02
4.187639240639776403e+02
4.178147751401492087e+02
4.168432086044881544e+02
4.158505512099538350e+02
4.148367571365613458e+02
4.138018088386020850e+02
4.127464316053923881e+02
4.116713507262487610e+02
4.105765486554625454e+02
4.094620078473251397e+02
4.083284535911529360e+02
4.071758683412373330e+02
4.060049773868947227e+02
4.048157631824166174e+02
4.036089510171191819e+02
4.023845233452940988e+02
4.011432054562575331e+02
3.998857226393260476e+02
3.986120573487909837e+02
3.973229348739686770e+02
3.960183376691506396e+02
3.946989910236532069e+02
3.933648773917678341e+02
3.920167220628107998e+02
3.906552503260986668e+02
3.892797018008976124e+02
3.878908017765242562e+02
3.864900183773199842e+02
3.850765912225510306e+02
3.836512456015339581e+02
3.822147068035850452e+02
3.807677001180207412e+02
3.793094651641075643e+02
3.778422129012117239e+02
3.763651829485996814e+02
3.748791005955879427e+02
3.733839482964677359e+02
3.718804513405555667e+02
3.703693350171678276e+02
3.688498389455709230e+02
3.673234312501062391e+02
3.657893515500401804e+02
3.642490679697140763e+02
3.627025629634194388e+02
3.611498189854476664e+02
3.595923041601400314e+02
3.580292581067630522e+02
3.564614061146331210e+02
3.548894734730665732e+02
3.533141854713798580e+02
3.517340388938143860e+02
3.501512446997364805e+02
3.485650425084126596e+02
3.469761834075668503e+02
3.453855216785534594e+02
3.437924517310846113e+02
3.421985964799475255e+02
3.406040931698789791e+02
3.390098218806413115e+02
3.374151770219463629e+02
3.358217815085812958e+02
3.342290297502581780e+02
3.326392874967890521e+02
3.310504634878360548e+02
3.294649234732111154e+02
3.278828046976514088e+02
3.263042444058939964e+02
3.247293798426759395e+02
3.231583482527342426e+02
3.215927725508560115e+02
3.200327899817782509e+02
3.184777949552131417e+02
3.169294103859477332e+02
3.153877735187189728e+02
3.138522787632389850e+02
3.123245490342949324e+02
3.108039787415987121e+02
3.092921907999374866e+02
3.077885796190233805e+02
3.062940252786183351e+02
3.048086650234594686e+02
3.033326360982838423e+02
3.018660757478285177e+02
3.004106068868805437e+02
2.989656239251520446e+02
2.975312641073800251e+02
2.961076646783016031e+02
2.946957057176788339e+02
2.932962673052737728e+02
2.919080010157733795e+02
2.905325297639648738e+02
2.891692479595602094e+02
2.878190356823215552e+02
2.864820301769859725e+02
2.851591115233154028e+02
2.838496741310220273e+02
2.825538552448427936e+02
2.812725349445399274e+02
2.800058504748503196e+02
2.787539390805111452e+02
2.775169380062595224e+02
2.762949844968324555e+02
2.750889586319919431e+02
2.738975135525830069e+02
2.727222800041826076e+02
2.715626617934505020e+02
2.704195483970964347e+02
2.692923436217803328e+02
2.681819369442118273e+02
2.670877321710508454e+02
2.660098759439821947e+02
2.649500005747405567e+02
2.639067670349608647e+02
2.628803219663279265e+02
2.618715548455514863e+02
2.608798694792913011e+02
2.599054125092322352e+02
2.589490734120841466e+02
2.580102559945066787e+02
2.570891068981847525e+02
2.561857727648032323e+02
2.553011430710717775e+02
2.544338787886252931e+02
2.535848693941735235e+02
2.527542615294012194e+02
2.519414590009683934e+02
2.511480941206095849e+02
2.503720850249347620e+02
2.496143211906537545e+02
2.488756920944762498e+02
2.481548587080370680e+02
2.474527105080460956e+02
2.467693941361880547e+02
2.461043133991227876e+02
2.454568721035100793e+02
2.448287025610848104e+02
2.442184657434816017e+02
2.436270511274104820e+02
2.430538625195310374e+02
2.424990465615282460e+02
2.419627498950868301e+02
2.414443763268666032e+02
2.409440724985523445e+02
2.404619850518289184e+02
2.399982606283810469e+02
2.395530458698936229e+02
2.391250017480013810e+02
2.387150177394141792e+02
2.383232404858167399e+02
2.379490737938689051e+02
2.375926643052555107e+02
2.372534158266363704e+02
2.369314749996961780e+02
2.366277120493131747e+02
2.363406916879634991e+02
2.360704450463416890e+02
2.358170032551422821e+02
2.355803974450598446e+02
2.353599159117638351e+02
2.351555897859488198e+02
2.349674501983092512e+02
2.347947854445147584e+02
2.346376266552598508e+02
2.344960049612390094e+02
2.343684658230968409e+02
2.342565260415777004e+02
2.341587310773263084e+02
2.340743692260120952e+02
2.340049572883795577e+02
2.339490407250733313e+02
2.339059078317628462e+02
2.338770754091926278e+02
2.338603460829822893e+02
2.338564938188512201e+02
2.338655497474941001e+02
2.338860593295553088e+02
2.339187965307544914e+02
2.339637924817861574e+02
2.340195926432947715e+02
2.340862281459748999e+02
2.341637301205210804e+02
2.342513868626027715e+02
2.343499723379395050e+02
2.344580320071759445e+02
2.345763398360314795e+02
2.347041841201756540e+02
2.348408531552780687e+02
2.349871209070581699e+02
2.351415328361605361e+02
2.353048629083046421e+02
2.354763994191600318e+02
2.356554306643962491e+02
2.358427306097328540e+02
2.360375875508392767e+02
2.362392897833851464e+02
2.364471256030398649e+02
2.366626118105480998e+02
2.368835510315292936e+02
2.371114600667280001e+02
2.373448843767887126e+02
2.375831122573809751e+02
2.378276605092493128e+02
2.380763317580133105e+02
2.383306222286221328e+02
2.385889745027436959e+02
2.388512962563007704e+02
2.391174951652160416e+02
2.393874789054121095e+02
2.396604123177867507e+02
2.399354602432376282e+02
2.402132731927123643e+02
2.404930160071086220e+02
2.407745963623491150e+02
2.410571790993316483e+02
2.413406718939786515e+02
2.416242395871879864e+02
2.419085326899072754e+02
2.421927160430341814e+02
2.424759544874664527e+02
2.427596413691766486e+02
2.430414558590125580e+02
2.433227913029467970e+02
2.436020697068520633e+02
2.438799415816760927e+02
2.441563146033414569e+02
2.444296107777209102e+02
2.447004806157621317e+02
2.449688317933877499e+02
2.452330863164704908e+02
2.454938946959579482e+02
2.457511646077729495e+02
2.460040608928130155e+02
2.462524912270009452e+02
2.464971061212843608e+02
2.467363275815359316e+02
2.469700632836784280e+02
2.471989637386593870e+02
2.474221937873765285e+02
2.476396611057526513e+02
2.478505305346853049e+02
2.480554525851221968e+02
2.482535920979610751e+02
2.484448567491245115e+02
2.486284113795101973e+02
2.488049065000659255e+02
2.489742497867142106e+02
2.491356060803528294e+02
2.492896258919295462e+02
2.494354740623418536e+02
2.495723154324875281e+02
2.497015433483392712e+02
2.498223226507946890e+02
2.499345610157765520e+02
2.500374193341740749e+02
2.501315283668930931e+02
2.502160292547812048e+02
2.502908059737107180e+02
2.503557424995541965e+02
2.504114656432090555e+02
2.504563737104977292e+02
2.504918363473427121e+02
2.505162518595665233e+02
2.505309898930915438e+02
2.505344487537403211e+02
2.505279980874352077e+02
2.505100361999987797e+02
2.504811899023283672e+02
2.504420860053215563e+02
2.503911228148008092e+02
2.503289271416634847e+02
2.502561257968071118e+02
2.501711170860541529e+02
2.500752706553270741e+02
2.499677276454733033e+02
2.498476291973403249e+02
2.497163449568506337e+02
2.495730160648516858e+02
2.494182693322409250e+02
2.492505030648408137e+02
2.490710869085737897e+02
2.488791620042873660e+02
2.486753551628789864e+02
2.484595503602210727e+02
2.482316315721861315e+02
2.479914827746466699e+02
2.477389879434750526e+02
2.474740310545438717e+02
2.471979817537754229e+02
2.469084955119672600e+02
2.466069419750418490e+02
2.462939479538966907e+02
2.459679117543541622e+02
2.456294601873117927e+02
2.452784772286420036e+02
2.449148468542172736e+02
2.445391958749350749e+02
2.441514082666678576e+02
2.437506251702631062e+02
2.433382162316432868e+02
2.429133225916557990e+02
2.424758282261732063e+02
2.420263599460928390e+02
2.415640588922622953e+02
2.410895644777408222e+02
2.406028236892103109e+02
2.401037961155143989e+02
2.395924413454968658e+02
2.390694618030263143e+02
2.385340742419215871e+02
2.379877239210761957e+02
2.374288847592840170e+02
2.368597448504636986e+02
2.362787781134088902e+02
2.356874298070133307e+02
2.350849166850957204e+02
2.344719411715248043e+02
2.338477200201191977e+02
2.332136984897726677e+02
2.325690933343039148e+02
2.319146069775815704e+02
2.312494561734244485e+02
2.305750861807261742e+02
2.298899709182804827e+02
2.291962984800060781e+02
2.284925427846965817e+02
2.277794062562207671e+02
2.270583341534724013e+02
2.263270575602200836e+02
2.255877645703825181e+02
2.248396719377784621e+02
2.240834820862765469e+02
2.233191546047206089e+02
2.225459062469292064e+02
2.217651822717960783e+02
2.209761994331399819e+02
2.201796601548295200e+02
2.193755240257085006e+02
2.185644934696456119e+02
2.177465280754844628e+02
2.169208445970438675e+02
2.160888882932174511e+02
2.152506187528489647e+02
2.144059955647820743e+02
2.135549783178605026e+02
2.126982694359529376e+02
2.118350856728780798e+02
2.109668722875296680e+02
2.100928460337263459e+02
2.092129665003118646e+02
2.083279361111549122e+02
2.074377144550992114e+02
2.065430039560133935e+02
2.056430213677162442e+02
2.047384848973285614e+02
2.038294330499549574e+02
2.029166629489770628e+02
2.019994860477266059e+02
2.010794423046103248e+02
2.001551003379348685e+02
1.992280001061070323e+02
1.982981958974834527e+02
1.973649991653958296e+02
1.964299498682508442e+02
1.954923594593803102e+02
1.945530250621658013e+02
1.936120009649640963e+02
1.926693414561318889e+02
1.917251008240259011e+02
1.907800761920277921e+02
1.898343218484943122e+02
1.888878920817821552e+02
1.879408411802479861e+02
1.869939662672735494e+02
1.860465787961905733e+02
1.851002187254056821e+02
1.841541975082506610e+02
1.832093122681071691e+02
1.822656172933319283e+02
1.813231668722816607e+02
1.803820152933130032e+02
1.794422168447827346e+02
1.785045686500725139e+02
1.775691249975390917e+02
1.766351973405141393e+02
1.757043256374043381e+02
1.747758213415414446e+02
1.738504815763071463e+02
1.729276177950331430e+02
1.720080271211011222e+02
1.710925066778927999e+02
1.701796250837149103e+02
1.692709222969741063e+02
1.683664526060271669e+02
1.674655274642057066e+02
1.665689439948914981e+02
1.656767564864412066e+02
1.647882763921865319e+02
1.639050436705342406e+02
1.630271126098409695e+02
1.621537946634384468e+02
1.612851441196834230e+02
1.604219581019575287e+02
1.595642908986174859e+02
1.587122020162469198e+02
1.578657718343370391e+02
1.570250859506058703e+02
1.561909727977965474e+02
1.553627751386022169e+02
1.545405785707408484e+02
1.537252115269556327e+02
1.529160167699396027e+02
1.521138227324358638e+02
1.513187150121625280e+02
1.505300363718126846e+02
1.497486152441294109e+02
1.489745372268308188e+02
1.482078879176349062e+02
1.474480100792349049e+02
1.466964749793988290e+02
1.459526253808197680e+02
1.452165468812158338e+02
1.444875822432800874e+02
1.437673027347806283e+02
1.430550511184106313e+02
1.423509129918880660e+02
1.416557167879560950e+02
1.409680624342827855e+02
1.402895211986362085e+02
1.396186930086844882e+02
1.389571491321956955e+02
1.383042323318629769e+02
1.376592853703793367e+02
1.370238795155129026e+02
1.363973575299567926e+02
1.357798050114290618e+02
1.351705647226228280e+02
1.345712079313061622e+02
1.339803345651471602e+02
1.333995158919139215e+02
1.328273518392745416e+02
1.322646708399720978e+02
1.317108156566996797e+02
1.311673575572253583e+02
1.306321536341922638e+02
1.301067751553684957e+02
1.295913077184720805e+02
1.290850940861961931e+02
1.285882198562588599e+02
1.281007706263782211e+02
1.276228319942723175e+02
1.271544895576592467e+02
1.266958289142571488e+02
1.262469356617840788e+02
1.258078878808801306e+02
1.253779907488483900e+02
1.249572847609389896e+02
1.245465532474269850e+02
1.241443510335124927e+02
1.237522042844956189e+02
1.233694106606014600e+02
1.229960106570801202e+02
1.226313019341566815e+02
1.222760678221062420e+02
1.219303488161788920e+02
1.215934425765997560e+02
1.212646467635938876e+02
1.209454875424614357e+02
1.206352625734274824e+02
1.203340123517421034e+02
1.200410345376304235e+02
1.197563696263425186e+02
1.194808009481535009e+02
1.192136261632884526e+02
1.189548857669974922e+02
1.187046202545307096e+02
1.184628701211381809e+02
1.182289330270450449e+02
1.180028494675013775e+02
1.177854027727822768e+02
1.175751477680878452e+02
1.173728677836931524e+02
1.171786033148483313e+02
1.169923948568034859e+02
1.168135400697836559e+02
1.166420794490390165e+02
1.164773106547946071e+02
1.163207598523505624e+02
1.161709818669069421e+02
1.160287600287388869e+02
1.158933919980714506e+02
1.157649182701547659e+02
1.156433793402389227e+02
1.155288157035739971e+02
1.154205250203851278e+02
1.153192906209473705e+02
1.152244101654858639e+02
1.151359241492506840e+02
1.150538730674918924e+02
1.149775545804346422e+02
1.149077520183540031e+02
1.148437630414750998e+02
1.147863709800730163e+02
1.147341306593478123e+02
1.146878139051546412e+02
1.146474036906436567e+02
1.146113858144950512e+02
1.145819602505140011e+02
1.145568699623556910e+02
1.145368292537752666e+02
1.145218095935029368e+02
1.145110396152438881e+02
1.145044907877282867e+02
1.145028774147112927e+02
1.145054281298981493e+02
1.145113715669939580e+02
1.145214220297539498e+02
1.145355509869082766e+02
1.145529870721621677e+02
1.145737017542457323e+02
1.145976665018892220e+02
1.146248527838227602e+02
1.146544892337515336e+02
1.146872901554307589e+02
1.147224841825655801e+02
1.147600427838862203e+02
1.148006802631478109e+02
1.148428824190305306e+02
1.148873635552896104e+02
1.149333523056301942e+02
1.149815629738074563e+02
1.150312241935265973e+02
1.150830502685427774e+02
1.151355269975361892e+02
1.151893686842620070e+02
1.152445467974504254e+02
1.153010328058316105e+02
1.153580553431107489e+02
1.154155858780180068e+02
1.154735958792835788e+02
1.155327996506626533e+02
1.155916829908353805e+02
1.156509602035569628e+02
1.157106027575575666e+02
1.157698392865424069e+02
1.158293840942666151e+02
1.158884658144353921e+02
1.159470559157789182e+02
1.160051258670273739e+02
1.160633899719359476e+02
1.161203340291847894e+02
1.161766723425291303e+02
1.162316335456741001e+02
1.162859319423749014e+02
1.163395343724360487e+02
1.163916463249343707e+02
1.164422114950459957e+02
1.164911735779471371e+02
1.165392191038388887e+02
1.165848060978474479e+02
1.166293639251989873e+02
1.166713506110196477e+02
1.167121955205355590e+02
1.167503566788729472e+02
1.167865206162329059e+02
1.168198881927665980e+02
1.168511459386752023e+02
1.168794947141099101e+02
1.169056210492718435e+02
1.169294686393371450e+02
1.169494955094320119e+02
1.169671310247825602e+02
1.169823188805649750e+02
1.169935171019054252e+02
1.170021550540300552e+02
1.170074335970900421e+02
1.170100392612865079e+02
1.170084300717456074e+02
1.170040353936935418e+02
1.169960560872814597e+02
1.169836930126604813e+02
1.169683755350568219e+02
1.169493045146216019e+02
1.169271664815559859e+02
1.169004194609861287e+02
1.168697499831131950e+02
1.168351017431133698e+02
1.167964184361627531e+02
1.167543865924625663e+02
1.167074642371389359e+02
1.166563379003929839e+02
1.166016941124259461e+02
1.165427337333889284e+02
1.164786576234330937e+02
1.164108951477846432e+02
1.163393900016196625e+02
1.162626002100643632e+02
1.161819551383449181e+02
1.160966556466124189e+02
1.160073882650680872e+02
1.159133538538630717e+02
1.158144961081734863e+02
1.157115015582005242e+02
1.156035710640953482e+02
1.154906500163122729e+02
1.153741762564682460e+02
1.152518751463333615e+02
1.151259290578277472e+02
1.149948061877465051e+02
1.148592032379597327e+02
1.147190740753125624e+02
1.145736297316250756e+02
1.144243097437924206e+02
1.142695823086096709e+02
1.141108869629719322e+02
1.139466919036743491e+02
1.137784366676120129e+02
1.136053322866050195e+02
1.134273326274984726e+02
1.132451343921624982e+02
1.130579486124172206e+02
1.128664719901327089e+02
1.126699155571291158e+02
1.124697188503015184e+02
1.122643500664450187e+02
1.120545059074297569e+02
1.118408830751258449e+02
1.116219497663283136e+02
1.113991455179323822e+02
1.111716813617580897e+02
1.109395111646505967e+02
1.107033316284799440e+02
1.104630966200912923e+02
1.102180171713047088e+02
1.099687899839903622e+02
1.097153689249932853e+02
1.094577078611586671e+02
1.091965034943565485e+02
1.089302240213821023e+02
1.086603089791303773e+02
1.083859693994214979e+02
1.081079019841256184e+02
1.078253177650627777e+02
1.075389134441031445e+02
1.072486428880917941e+02
1.069544599638738305e+02
1.066555757032693776e+02
1.063534296431735555e+02
1.060479756504314537e+02
1.057376819218381598e+02
1.054247308293138445e+02
1.051075905696535671e+02
1.047862150097024596e+02
1.044620436863556279e+02
1.041335619582557968e+02
1.038022951715363860e+02
1.034668144940783634e+02
1.031286624338627718e+02
1.027871529937955870e+02
1.024430858468328722e+02
1.020965178309055830e+02
1.017467629489197662e+02
1.013938780388064345e+02
1.010394056085466019e+02
1.006826596610462587e+02
1.003229541992114378e+02
9.996257456604814706e+01
9.959934909441238915e+01
9.923482029228517831e+01
9.886830216257254733e+01
9.850059437823048825e+01
9.813175377719001347e+01
9.776183719738214961e+01
9.739015864171290104e+01
9.701826061816328206e+01
9.664545712963929702e+01
9.627180501407195834e+01
9.589736110939229263e+01
9.552292508855630615e+01
9.514781095446998904e+01
9.477281838008940440e+01
9.439800420334552200e+01
9.402342526216935426e+01
9.364839555946694816e+01
9.327445760321927537e+01
9.290092539633236868e+01
9.252785577673725470e+01
9.215530558236491743e+01
9.178407448617137732e+01
9.141421932608764678e+01
9.104505410501975859e+01
9.067737849592370480e+01
9.031050650170548977e+01
8.994523779532114816e+01
8.958237204972667200e+01
8.922048043280310026e+01
8.886036261750642495e+01
8.850244685928015542e+01
8.814649286204532075e+01
8.779278031424040307e+01
8.744129177029397226e+01
8.709223263514196844e+01
8.674558546321296149e+01
8.640155565944293414e+01
