# d_z
1.000000000000000000e+00
9.903601869017062409e-01
9.807702668629398879e-01
9.712352599253702978e-01
9.617597871956330424e-01
9.523482605987869665e-01
9.430048265658296236e-01
9.337330896546083281e-01
9.245366953280031996e-01
9.154186659063189291e-01
9.063820362051530077e-01
8.974294455779201485e-01
8.885632064534890739e-01
8.797854694812233811e-01
8.710983989901617264e-01
8.625035144844496182e-01
8.540022723262864490e-01
8.455960609272539230e-01
8.372859540424706370e-01
8.290726447655660802e-01
8.209571402994370048e-01
8.129399302522625215e-01
8.050213872980758190e-01
7.972018116058251502e-01
7.894813755621595819e-01
7.818600395154563509e-01
7.743376457921981038e-01
7.669140185841999413e-01
7.595888833549859775e-01
7.523618085339057737e-01
7.452322526765483568e-01
7.381996420434463468e-01
7.312634251353717918e-01
7.244227113571188870e-01
7.176768197664620264e-01
7.110248916160503141e-01
7.044660840725899265e-01
6.979993981512837564e-01
6.916239067245262273e-01
6.853385819854119765e-01
6.791423814854021801e-01
6.730343089743826557e-01
6.670131751578309842e-01
6.610779270779572059e-01
6.552274704588847420e-01
6.494605757790602452e-01
6.437761566398962909e-01
6.381730556758411499e-01
6.326501068377072823e-01
6.272061365056798010e-01
6.218399321116498957e-01
6.165504060719535495e-01
6.113363378302509865e-01
6.061965365006735107e-01
6.011299782948845705e-01
5.961353057996963134e-01
5.912114656950659963e-01
5.863574123791424064e-01
5.815719007811479546e-01
5.768537601073021603e-01
5.722020221195461831e-01
5.676154672220525832e-01
5.630931545748739664e-01
5.586339093656970123e-01
5.542366432238423624e-01
5.499004325643233049e-01
5.456240997490273692e-01
5.414067462032778888e-01
5.372471995114235233e-01
5.331447440290019157e-01
5.290981643124212930e-01
5.251065940032478840e-01
5.211690643548746449e-01
5.172846773458276148e-01
5.134525305040748000e-01
5.096716779652737950e-01
5.059412697894027922e-01
5.022604154143540667e-01
4.986282844902622524e-01
4.950439259902386646e-01
4.915066969956186083e-01
4.880157148331061845e-01
4.845701832676784226e-01
4.811692912549530021e-01
4.778122978768382101e-01
4.744983862772180205e-01
4.712269623214042080e-01
4.679971873776332947e-01
4.648083840757476493e-01
4.616598453007648151e-01
4.585508999821321097e-01
4.554808482845260076e-01
4.524490506798727329e-01
4.494548855316146674e-01
4.464977275690841796e-01
4.435768342375299711e-01
4.406917556597584884e-01
4.378417901436971182e-01
4.350264183237970150e-01
4.322450286875623160e-01
