# da
0.000000000000000000e+00
8.327505680757887774e+01
1.626476479194132310e+02
2.383313393795690445e+02
3.105244630489230531e+02
3.794115162235743242e+02
4.451644068906614962e+02
5.079435639044401114e+02
5.678989286977838447e+02
6.251708428839297085e+02
6.798908441820024109e+02
7.321823814616437858e+02
7.821614583010422166e+02
8.299372132510803795e+02
8.756124439648920088e+02
9.192840814610935922e+02
9.610436200187073155e+02
1.000977507534444385e+03
1.039167500593517843e+03
1.075690988000870902e+03
1.110621286080070831e+03
1.144027908663032349e+03
1.175976814357749163e+03
1.206530633386682894e+03
1.235748876029999337e+03
1.263688124480657962e+03
1.290402209718415634e+03
1.315942374833677150e+03
1.340357426076687261e+03
1.363693872770367079e+03
1.385996057103792964e+03
1.407306274716010421e+03
1.427664886884799898e+03
1.447110425050842196e+03
1.465679688332927753e+03
1.483407834623568078e+03
1.500328465795385455e+03
1.516473707496230872e+03
1.531874283964316419e+03
1.546559588253077891e+03
1.560557748218417828e+03
1.573895688587890163e+03
1.586599189401861167e+03
1.598692941090230988e+03
1.610200596424687092e+03
1.621144819565248099e+03
1.631547332400860114e+03
1.641428958366753022e+03
1.650809663905898105e+03
1.659708597728122641e+03
1.668144128007959353e+03
1.676133877651098601e+03
1.683694757749135988e+03
1.690842999333126045e+03
1.697594183528108715e+03
1.703963270203236789e+03
1.709964625205213906e+03
1.715612046256544318e+03
1.720918787594329615e+03
1.725897583420174215e+03
1.730560670226963566e+03
1.734919808063922574e+03
1.738986300797321974e+03
1.742771015420546746e+03
1.746284400463807287e+03
1.749536503550665657e+03
1.752536988145642681e+03
1.755295149534501661e+03
1.757819930076317178e+03
1.760119933764157850e+03
1.762203440129035926e+03
1.764078417519853247e+03
1.765752535790139973e+03
1.767233178420742888e+03
1.768527454105941388e+03
1.769642207829002928e+03
1.770584031451766350e+03
1.771359273841517734e+03
1.771974050557197643e+03
1.772434253115817455e+03
1.772745557858847178e+03
1.772913434437346950e+03
1.772943153933634221e+03
1.772839796636341134e+03
1.772608259484920154e+03
1.772253263198801960e+03
1.771779359105641333e+03
1.771190935682421468e+03
1.770492224822444086e+03
1.769687307840634503e+03
1.768780121228946200e+03
1.767774462173123993e+03
1.766673993841488482e+03
1.765482250455912663e+03
1.764202642154687965e+03
1.762838459656481291e+03
1.761392878734168107e+03
1.759868964506910061e+03
1.758269675558437029e+03
1.756597867889129247e+03
