# f_z
4.778435726506149450e-01
4.898270983014546553e-01
5.016534521083061415e-01
5.133149004635618740e-01
5.248044227637479464e-01
5.361156881402395769e-01
5.472430827741917581e-01
5.581816130448179480e-01
5.689270060946554075e-01
5.794755699846476649e-01
5.898242239092585937e-01
5.999705077663400887e-01
6.099124712228979339e-01
6.196487378443490401e-01
6.291784032331551035e-01
6.385010489557604307e-01
6.476166988104116173e-01
6.565257853869123084e-01
6.652291279404235480e-01
6.737279067020038870e-01
6.820236325796711352e-01
6.901181019887179247e-01
6.980134056622359084e-01
7.057118527924082230e-01
7.132160038466163199e-01
7.205286039248023355e-01
7.276525796852051364e-01
7.345910139191637045e-01
7.413471009856514859e-01
7.479241763726722780e-01
7.543256740868750088e-01
7.605550669899467930e-01
7.666159356387680646e-01
7.725118851384489282e-01
7.782465806640647132e-01
7.838236663064745979e-01
7.892468415364071177e-01
7.945197700811501562e-01
7.996461452128750258e-01
8.046296208732953703e-01
8.094738051636901632e-01
8.141823232957643430e-01
8.187587242623973749e-01
8.232065238399413065e-01
8.275291799236991208e-01
8.317301403615835476e-01
8.358127423828867197e-01
8.397802899451067837e-01
8.436360112931660105e-01
8.473830883681370274e-01
8.510246379949401030e-01
8.545636831451126625e-01
8.580032038884704004e-01
8.613461019349288872e-01
8.645952232241351787e-01
8.677533037908750080e-01
8.708230488105024314e-01
8.738071096752292322e-01
8.767080014516103192e-01
8.795282214388736586e-01
8.822702139934370802e-01
8.849362724361399257e-01
8.875287285016205674e-01
8.900497952703697591e-01
8.925016196330843865e-01
8.948862908323027554e-01
8.972058350748853828e-01
8.994622384784900504e-01
9.016574051469209428e-01
9.037931869486673930e-01
9.058713746009970924e-01
9.078937143952522382e-01
9.098618974447395535e-01
9.117775527907014954e-01
9.136422772628243205e-01
9.154575955935062570e-01
9.172249793402081908e-01
9.189459107474957644e-01
9.206217439890312937e-01
9.222538531948407670e-01
9.238435269513186610e-01
9.253920463450812095e-01
9.269006390957227337e-01
9.283704670910913892e-01
9.298027073356481820e-01
9.311984680252735069e-01
9.325588138314415687e-01
9.338847925679885087e-01
9.351774076284413706e-01
9.364376492733562651e-01
9.376664378606275330e-01
9.388647164420580449e-01
9.400333561541782679e-01
9.411731873669052506e-01
9.422851119567993150e-01
9.433698601596961497e-01
9.444282481161174747e-01
9.454610317441622946e-01
9.464689144896256678e-01
9.474526224148647202e-01
