# fsigma_8
3.822748581204919449e-01
3.880880465932685097e-01
3.936132915980348201e-01
3.988516672643223626e-01
4.038050381954422785e-01
4.084759945059096564e-01
4.128678391822645510e-01
4.169844560126602651e-01
4.208303422621208489e-01
4.244104703549258506e-01
4.277302774530118423e-01
4.307956101153791462e-01
4.336126504787556901e-01
4.361878925916786165e-01
4.385280777382636885e-01
4.406401513823213212e-01
4.425312248734293852e-01
4.442085322027830574e-01
4.456793976192189310e-01
4.469511882857891694e-01
4.480313001247225313e-01
4.489271169897479652e-01
4.496459842227265580e-01
4.501951830341007765e-01
4.505819236957123164e-01
4.508133012323227717e-01
4.508963169456529640e-01
4.508378099108178994e-01
4.506444938704563530e-01
4.503229164641266435e-01
4.498794661322239596e-01
4.493203551983515620e-01
4.486516160064657477e-01
4.478791029363429210e-01
4.470084823461499823e-01
4.460452231984943783e-01
4.449946124521980684e-01
4.438617525138510711e-01
4.426515437557308474e-01
4.413687098627409600e-01
4.400177802885851253e-01
4.386031119410662149e-01
4.371288662561631511e-01
4.355990399138022773e-01
4.340174528327101489e-01
4.323877602962625799e-01
4.307134503004469428e-01
4.289978499764499631e-01
4.272441311947131615e-01
4.254553154192118325e-01
4.236342911444128667e-01
4.217837872921730846e-01
4.199064070087863421e-01
4.180046299392626841e-01
4.160807995270188187e-01
4.141371391386157175e-01
4.121757605915435940e-01
4.101986780206751670e-01
4.082077650526760859e-01
4.062048254082717968e-01
4.041915519725474137e-01
4.021695352005187907e-01
4.001402971802744402e-01
3.981052626903159308e-01
3.960657775541104320e-01
3.940231031613845025e-01
3.919784330486452140e-01
3.899329017073429049e-01
3.878875495521098005e-01
3.858433825630169789e-01
3.838013236439873910e-01
3.817622474604415173e-01
3.797269752166437806e-01
3.776962751776737903e-01
3.756708589864640735e-01
3.736514033021171022e-01
3.716385273793201827e-01
3.696328217125872673e-01
3.676348237014703257e-01
3.656450410461074552e-01
3.636639400591890614e-01
3.616919619221264925e-01
3.597295064087143168e-01
3.577769433211448469e-01
3.558346193240216615e-01
3.539028538550404446e-01
3.519819306617888999e-01
3.500721161961272143e-01
3.481736556015727624e-01
3.462867700979019858e-01
3.444116597701491478e-01
3.425485039140512833e-01
3.406974662138677612e-01
3.388586851172961101e-01
3.370323063348119041e-01
3.352184242978899498e-01
3.334171492153436556e-01
3.316285689693616590e-01
3.298527444992015445e-01
3.280897447876299222e-01
