# tt
1.168777071725272208e+03
1.084484292720243502e+03
1.008347307700215538e+03
9.506903125174346769e+02
9.095452246597064914e+02
8.814352991600983387e+02
8.627447444642049277e+02
8.512960143679439398e+02
8.453705798204227904e+02
8.432330773259826628e+02
8.452175327088434642e+02
8.492012628934159011e+02
8.549302244027002189e+02
8.612290471846805531e+02
8.697177778949387630e+02
8.801997680069307535e+02
8.915095352131382924e+02
9.043544782753122036e+02
9.170740268784064710e+02
9.303533028416743491e+02
9.442135903336412639e+02
9.582435661893756560e+02
9.727375900368598423e+02
9.878208905439405498e+02
1.002999093041066544e+03
1.018677587777229519e+03
1.034684760432487337e+03
1.050946829353867770e+03
1.067663780821853607e+03
1.084227751073026866e+03
1.101441178327633907e+03
1.118778076072729164e+03
1.136214491580061349e+03
1.154299685700340433e+03
1.172106591559724166e+03
1.190185380924941910e+03
1.208670938593115807e+03
1.227456819439860510e+03
1.246444958100225904e+03
1.265535915393348432e+03
1.284736182128458040e+03
1.304065731999369746e+03
1.323581680451149623e+03
1.343355999629362941e+03
1.363360523896077666e+03
1.383575095743121437e+03
1.403968560081823171e+03
1.424524618524013249e+03
1.445293827833770820e+03
1.466331025272657143e+03
1.487581888137910710e+03
1.508974089173500488e+03
1.530487299575146153e+03
1.552116047239067257e+03
1.573971457423130005e+03
1.596155630415785708e+03
1.618627271608382671e+03
1.641300516290768428e+03
1.664156354905041553e+03
1.687203077063708179e+03
1.710446743807159464e+03
1.733905858645694707e+03
1.757584068389113099e+03
1.781507304897964332e+03
1.805712962839175134e+03
1.830180291201685804e+03
1.854870288379812337e+03
1.879736524417622377e+03
1.904747426059682994e+03
1.929879556271828051e+03
1.955246019808456822e+03
1.980960629294985210e+03
2.007033200453328391e+03
2.033466120655153190e+03
2.060215399088714548e+03
2.087155529112123531e+03
2.114270621255331207e+03
2.141604212850288150e+03
2.169177556178194664e+03
2.197014317958395168e+03
2.225125537612053904e+03
2.253487527247226353e+03
2.282098884022720085e+03
2.310950776747091822e+03
2.340038738761808872e+03
2.369331191438482165e+03
2.398808349031882699e+03
2.428480139197782137e+03
2.458349061241701747e+03
2.488424638466271972e+03
2.518707348411316616e+03
2.549212120964017686e+03
2.579931600960808737e+03
2.610880718288872231e+03
2.642052117784640359e+03
2.673445872634797524e+03
2.705069484376274431e+03
2.736900741145005213e+03
2.768954572828172786e+03
2.801223624262209796e+03
2.833707968633798828e+03
2.866392822429121679e+03
2.899278258834863209e+03
2.932356922687455153e+03
2.965621458823330158e+03
2.999064512078921780e+03
3.032671298940412271e+03
3.066449320944734154e+03
3.100383794578070138e+03
3.134467206300631005e+03
3.168698837417980940e+03
3.203070382509211413e+03
3.237573536153415716e+03
3.272199992929685322e+03
3.306948875767362097e+03
3.341811879245538421e+03
3.376773269593055829e+03
3.411832169739255733e+03
3.446980274263231422e+03
3.482209277744073006e+03
3.517503446410625202e+03
3.552861903192227601e+03
3.588276342667972131e+03
3.623731031066702599e+03
3.659225091317759507e+03
3.694742789649985752e+03
3.730275820642472809e+03
3.765823307224561631e+03
3.801369515625096028e+03
3.836898954006781878e+03
3.872419383318534983e+03
3.907909093042136647e+03
3.943368657710117077e+03
3.978783795154506606e+03
4.014155079907836353e+03
4.049468229802137103e+03
4.084716391019690491e+03
4.119885281392525940e+03
4.154982903803424961e+03
4.189987547734167492e+03
4.224892359367034260e+03
4.259697913234555926e+03
4.294382498818516069e+03
4.328946690651440804e+03
4.363361349864863769e+03
4.397619622641064780e+03
4.431707226812075533e+03
4.465609880209925905e+03
4.499313300666646683e+03
4.532795590199288199e+03
4.566063814366986662e+03
4.599102566213395221e+03
4.631911295482667811e+03
4.664482023568710247e+03
4.696821628565927313e+03
4.728907275167722219e+03
4.760745841468501567e+03
4.792321920511917597e+03
4.823627533691876124e+03
4.854639845701782178e+03
4.885350877935538847e+03
4.915752651787051946e+03
4.945822331949725594e+03
4.975559368167714638e+03
5.004948353484674044e+03
5.033981309294506900e+03
5.062650256991119022e+03
5.090947217968416226e+03
5.118864213620298870e+03
5.146385836990425560e+03
5.173518966173200170e+03
5.200240765862025910e+03
5.226543257450808596e+03
5.252425890683702164e+03
5.277873406964601600e+03
5.302878569488615540e+03
5.327426861460842701e+03
5.351518622786881679e+03
5.375146765022082036e+03
5.398296771371541581e+03
5.420968981740859817e+03
5.443156307685384490e+03
5.464844232410215227e+03
5.486033095820950621e+03
5.506708381122690298e+03
5.526870428221031943e+03
5.546512148671325122e+03
5.565619025678667640e+03
5.584191399148659002e+03
5.602222180636647863e+03
5.619696853347732940e+03
5.636608328837262889e+03
5.652964375361088059e+03
5.668750476124304441e+03
5.683966971032512447e+03
5.698614199991311580e+03
5.712692502906298614e+03
5.726179934632324148e+03
5.739091691775486652e+03
5.751413206652049666e+03
5.763137136373191424e+03
5.774241230460754196e+03
5.784732951837580913e+03
5.794582621675265727e+03
5.803797702896650662e+03
5.812363373373828836e+03
5.820272239329142394e+03
5.827554048736184996e+03
5.834193979467049758e+03
5.840199494444579614e+03
5.845585484941866525e+03
5.850351985531505306e+03
5.854506459136337071e+03
5.858048940328955723e+03
5.860964606981454381e+03
5.863253493666426039e+03
5.864915634956462782e+03
5.865943637073906757e+03
5.866330106241103749e+03
5.866082505380894872e+03
5.865186012365373244e+03
5.863648090117381798e+03
5.861476201559762558e+03
5.858670381265111246e+03
5.855223235455768190e+03
5.851142227054577234e+03
5.846427390634130461e+03
5.841086189117273534e+03
5.835111228726346781e+03
5.828509972384192224e+03
5.821289883013657345e+03
5.813443566837080652e+03
5.804971058427056050e+03
5.795887249056678229e+03
5.786177316598037578e+03
5.775863580674480545e+03
5.764938647508346548e+03
5.753409980022480340e+03
5.741277612789474006e+03
5.728541580381921449e+03
5.715216774072914632e+03
5.701303228435048368e+03
5.686800978040913833e+03
5.671724914163603898e+03
5.656082499725961497e+03
5.639866340950331505e+03
5.623098757460054003e+03
5.605772355477473866e+03
5.587902026275684875e+03
5.569480402157136268e+03
5.550515076445223713e+03
5.531006240193195481e+03
5.510968941154803360e+03
5.490388513682799385e+03
5.469280005530933522e+03
5.447651036102709440e+03
5.425516653151875289e+03
5.402884476081933826e+03
5.379776980996887687e+03
5.356194358949984235e+03
5.332159086045228833e+03
5.307678781686120601e+03
5.282761065276161389e+03
5.257406127868601288e+03
5.231621588866942147e+03
5.205422496024935754e+03
5.178809040395834018e+03
5.151781413032886121e+03
5.124347233339594823e+03
5.096528977419960938e+03
5.068319407976985531e+03
5.039748429464918445e+03
5.010808804586763472e+03
4.981515581096270580e+03
4.951891235097441495e+03
4.921935957643526308e+03
4.891657368138027778e+03
4.861070514334695872e+03
4.830190443987282379e+03
4.799017348149038298e+03
4.767566274573715418e+03
4.735852271015063707e+03
4.703875528526335984e+03
4.671651094861282218e+03
4.639186589423404257e+03
4.606504488316703828e+03
4.573604982594431021e+03
4.540495691660087687e+03
4.507199091617674640e+03
4.473722801870693729e+03
4.440067013472395047e+03
4.406246774176532199e+03
4.372277131736853335e+03
4.338158277206612183e+03
4.303905258339558713e+03
4.269518266188943926e+03
4.235019776858770456e+03
4.200417409752537424e+03
4.165718784273747588e+03
4.130938932787754311e+03
4.096092826106327266e+03
4.061187991302585942e+03
4.026239383799901589e+03
3.991261959021644088e+03
3.956255815690684358e+03
3.921243337580645402e+03
3.886232051764645803e+03
3.851229485315807779e+03
3.816235736957000881e+03
3.781280618812098055e+03
3.746356801253718459e+03
3.711486668055482824e+03
3.676677746290513824e+03
3.641930134681680101e+03
3.607266217002604208e+03
3.572693520326406997e+03
3.538227000076457898e+03
3.503866754975628737e+03
3.469620312097040369e+03
3.435517483564563918e+03
3.401543511400570424e+03
3.367728207728929647e+03
3.334064242922263475e+03
3.300574000754192184e+03
3.267257579947587146e+03
3.234129935925819154e+03
3.201198595762008608e+03
3.168471086529276818e+03
3.135962363650995485e+03
3.103672525850033253e+03
3.071616528549762734e+03
3.039794470473054844e+03
3.008221307043280376e+03
2.976911993683809214e+03
2.945866629117513185e+03
2.915092740417512687e+03
2.884597854656929030e+03
2.854396927259132553e+03
2.824497485297245021e+03
2.794899627494135530e+03
2.765610880922927208e+03
2.736638772656740002e+03
2.707983401418444373e+03
2.679652294281161176e+03
2.651652978318012174e+03
2.623985552251867375e+03
2.596657543155848089e+03
2.569683906453325108e+03
2.543064740867169348e+03
2.516814994330948139e+03
2.490942156468766370e+03
2.465446281064674167e+03
2.440334850252973865e+03
2.415622774518215920e+03
2.391302679294201425e+03
2.367382046715230899e+03
2.343868358915605768e+03
2.320761669679377974e+03
2.298062032790597641e+03
2.275776930383565741e+03
2.253906416242334217e+03
2.232465400851453524e+03
2.211439081294474363e+03
2.190849796406198493e+03
2.170690171620426554e+03
2.150967689071460427e+03
2.131682402543350236e+03
2.112834365820147468e+03
2.094438489386402580e+03
2.076479970325668091e+03
2.058973719122493549e+03
2.041912361210680729e+03
2.025303378724531058e+03
2.009139397097844267e+03
1.993427898464922919e+03
1.978176364960067531e+03
1.963369993666829032e+03
1.949023695069758332e+03
1.935137522952907148e+03
1.921704102750076117e+03
1.908730916595566441e+03
1.896218018273428697e+03
1.884158033217464435e+03
1.872551015211725144e+03
1.861404446390511112e+03
1.850718380537874054e+03
1.840478014737364219e+03
1.830690831123283488e+03
1.821356883479682210e+03
1.812476225590612103e+03
1.804034054539624094e+03
1.796045280811268867e+03
1.788495101489098033e+03
1.781383570357162625e+03
1.774710741199513450e+03
1.768469239449951147e+03
1.762666547242777597e+03
1.757295290011793440e+03
1.752355521541049939e+03
1.747847276886728423e+03
1.743763087843281710e+03
1.740102895827542170e+03
1.736866642256343084e+03
1.734039411846017629e+03
1.731621146013398402e+03
1.729611786175318457e+03
1.728003845398360681e+03
1.726782408398858252e+03
1.725962273294143642e+03
1.725513668100050381e+03
1.725451390933911171e+03
1.725767954862308670e+03
1.726455872951825995e+03
1.727500229918796094e+03
1.728915823880552352e+03
1.730680311203176871e+03
1.732801061653753095e+03
1.735263159948614202e+03
1.738073975854842274e+03
1.741218594088770942e+03
1.744689527716983321e+03
1.748494146506561492e+03
1.752617535173839315e+03
1.757052206785399449e+03
1.761798102758074492e+03
1.766832879457947456e+03
1.772171335002351952e+03
1.777783697407120144e+03
1.783669908089085084e+03
1.789829908465080280e+03
1.796248783251437771e+03
1.802933902215241460e+03
1.809862921722573446e+03
1.817043211540517405e+03
1.824467284735655539e+03
1.832127654374571193e+03
1.840016833523847481e+03
1.848134763600317001e+03
1.856466529320312702e+03
1.865004643750418154e+03
1.873734191606965169e+03
1.882655114306787709e+03
1.891752496566218269e+03
1.901018851451839510e+03
1.910446692030234999e+03
1.920028531367987625e+03
1.929771739232179698e+03
1.939661400339144393e+03
1.949690027755465053e+03
1.959857552599717110e+03
1.970163864797447786e+03
1.980586558925196869e+03
1.991125514610255095e+03
2.001765754779411736e+03
2.012499730709706910e+03
2.023319893678180506e+03
2.034211266611623159e+03
2.045158872436824140e+03
2.056177447481573381e+03
2.067237157972162095e+03
2.078360168586628333e+03
2.089516645551263991e+03
2.100728753544107349e+03
2.111966658791449845e+03
2.123245097621081186e+03
2.134549092959790414e+03
2.145863667734368391e+03
2.157188701572104947e+03
2.168509217399790032e+03
2.179810238144213599e+03
2.191091643432665023e+03
2.202338456191935620e+03
2.213550556049314764e+03
2.224720394281841891e+03
2.235847850516808194e+03
2.246917947681002261e+03
2.257937993751965678e+03
2.268907868356986455e+03
2.279805166072606426e+03
2.290644623226614385e+03
2.301396406045300864e+03
2.312067822506205630e+03
2.322643895536119089e+03
2.333109648061831194e+03
2.343472388060881258e+03
2.353717138460060141e+03
2.363836350536406826e+03
2.373837332267461989e+03
2.383705106580015581e+03
2.393439553101358342e+03
2.403040551458778737e+03
2.412507981279567048e+03
2.421834293840764076e+03
2.431011940419409711e+03
2.440040800642793329e+03
2.448905897437705789e+03
2.457607110431435558e+03
2.466136890901024344e+03
2.474487690123511584e+03
2.482651960562187014e+03
2.490629587775590608e+03
2.498413030158263609e+03
2.506002174454995838e+03
2.513404335760827507e+03
2.520604544120048558e+03
2.527610114627700113e+03
2.534413505678322508e+03
2.541007175666455169e+03
2.547405868037388700e+03
2.553587184485163561e+03
2.559565868455070358e+03
2.565326949991399488e+03
2.570870315838939860e+03
2.576195852742483567e+03
2.581303447446820428e+03
2.586185558346489870e+03
2.590834643836033592e+03
2.595258019010490443e+03
2.599440713914151274e+03
2.603390043642056753e+03
2.607098466588747215e+03
2.610558441148762540e+03
2.613784710767393335e+03
2.616762305488929542e+03
2.619505968758662220e+03
2.622008158971130342e+03
2.624268762871125546e+03
2.626287667203437650e+03
2.628072187063106867e+03
2.629607352494423594e+03
2.630907906942677982e+03
2.631966308802410822e+03
2.632775016468161539e+03
2.633348773385221193e+03
2.633672609597880637e+03
2.633761268551428657e+03
2.633607208640406498e+03
2.633217744959853462e+03
2.632577907554061767e+03
2.631709868218570136e+03
2.630606085347919816e+03
2.629259017336650231e+03
2.627683407630052443e+03
2.625879142972915815e+03
2.623838681759782048e+03
2.621569339085689990e+03
2.619071001695431733e+03
2.616343556333795277e+03
2.613386889745573171e+03
2.610215761151957850e+03
2.606815279476762498e+03
2.603200282820701887e+03
2.599378180934242209e+03
2.595341526867347966e+03
2.591090302020236322e+03
2.586646772843871986e+03
2.581996064037970427e+03
2.577145585352997841e+03
2.572095318189169575e+03
2.566860100647201307e+03
2.561425057426808962e+03
2.555805026628707765e+03
2.550007418003363910e+03
2.544017356250492412e+03
2.537849679470808951e+03
2.531511797414779721e+03
2.524996263132369677e+03
2.518310486374045468e+03
2.511454448540021531e+03
2.504435559380764062e+03
2.497261228646739255e+03
2.489931437738161549e+03
2.482446168055247199e+03
2.474827686048962278e+03
2.467061116419021801e+03
2.459168725616391839e+03
2.451143066691037802e+03
2.442991549393425430e+03
2.434721583474020463e+03
2.426340578683287731e+03
2.417848516421443946e+03
2.409245378088704456e+03
2.400546001785784483e+03
2.391750368912900285e+03
2.382858460870267209e+03
2.373877687408350539e+03
2.364822886627866410e+03
2.355679183228530292e+03
2.346468843661307801e+03
2.337191849326415195e+03
2.327848181624066456e+03
2.318445250304729143e+03
2.308983036768617694e+03
2.299476379116447788e+03
2.289925258748436136e+03
2.280329657064797630e+03
2.270696983815997555e+03
2.261034648752502108e+03
2.251342633274526634e+03
2.241635798748838170e+03
2.231899386205411247e+03
2.222163230041770021e+03
2.212412594553939925e+03
2.202655029088696210e+03
2.192905511343063608e+03
2.183156733963318402e+03
2.173423674646484869e+03
2.163713882739337350e+03
2.154012622537902644e+03
2.144349728439705359e+03
2.134710464740770021e+03
2.125102380787872335e+03
2.115547882628287880e+03
2.106024806207790789e+03
2.096562985923906581e+03
2.087155114422910628e+03
2.077808741051577726e+03
2.068523986806433641e+03
2.059308401034253166e+03
2.050176961432061034e+03
2.041122360646133075e+03
2.032144719672994370e+03
2.023259016209669653e+03
2.014465371252684008e+03
2.005771334148813366e+03
1.997169597544332191e+03
1.988682567486515836e+03
1.980295508271389281e+03
1.972023397595978395e+03
1.963866356456806898e+03
1.955824505850401238e+03
1.947912823473786602e+03
1.940124001973236545e+03
1.932465590695528590e+03
1.924945138987436167e+03
1.917562767845484359e+03
1.910318598266199615e+03
1.903220179596355820e+03
1.896267632832478739e+03
1.889468507321343850e+03
1.882815495709225388e+03
1.876331004043399389e+03
1.869992868269640439e+03
1.863823494435223893e+03
1.857823003536674605e+03
1.851984088220268404e+03
1.846314297832779857e+03
1.840813753370734275e+03
1.835497432531156846e+03
1.830350604488718091e+03
1.825380842983421189e+03
1.820595726633915547e+03
1.815995405708598128e+03
1.811587458826119018e+03
1.807357179554376444e+03
1.803319574862269064e+03
1.799474795018195437e+03
1.795822990290553889e+03
1.792364310947743888e+03
1.789098907258163081e+03
1.786034357840460871e+03
1.783163384612785649e+03
1.780493566193785682e+03
1.778025052851860437e+03
1.775750566505158076e+03
1.773677685772327095e+03
1.771813989272015988e+03
1.770144770572123662e+03
1.768685036641549459e+03
1.767427509398441089e+03
1.766372339111196879e+03
1.765519676048216525e+03
1.764869670477897898e+03
1.764429901018890178e+03
1.764193089589341753e+03
1.764159386457651181e+03
1.764321513541967079e+03
1.764694477811188563e+03
1.765271001183463341e+03
1.766043805576941168e+03
1.767013041260019918e+03
1.768186286851348541e+03
1.769563692619325366e+03
1.771130552131849072e+03
1.772894444007568836e+03
1.774855518514882988e+03
1.777013925922190083e+03
1.779369816497888451e+03
1.781915912160127391e+03
1.784652363177304778e+03
1.787579319817820306e+03
1.790696932350071847e+03
1.793997922692208022e+03
1.797489869462878005e+03
1.801150637879729629e+03
1.805002663261912630e+03
1.809023810827074385e+03
1.813229087544114464e+03
1.817603786980931091e+03
1.822148046509320920e+03
1.826854523564423744e+03
1.831730719385275279e+03
1.836776706860663126e+03
1.841970273828624158e+03
1.847333778228695564e+03
1.852845007898914218e+03
1.858504035728067493e+03
1.864318362955191560e+03
1.870273205768573916e+03
1.876368637057001933e+03
1.882612158059512012e+03
1.888981556614141027e+03
1.895484333959926289e+03
1.902120562985654942e+03
1.908875459879613800e+03
1.915749097530589779e+03
1.922741548827369797e+03
1.929845458308491516e+03
1.937060898862740714e+03
1.944380515028655282e+03
1.951804379695022362e+03
1.959332565750628419e+03
1.966957717734010657e+03
1.974679908533955995e+03
1.982491782689001411e+03
1.990393413087934050e+03
1.998384872619540602e+03
2.006443949121858395e+03
2.014585572184174680e+03
2.022802386345025752e+03
2.031079607792698653e+03
2.039424737766230692e+03
2.047830420804159075e+03
2.056281873094770617e+03
2.064794024227352111e+03
2.073344662039940431e+03
2.081941287771573116e+03
2.090576545960786461e+03
2.099243081146118584e+03
2.107933537866104871e+03
2.116647989009533831e+03
2.125386507465191244e+03
2.134134309421365288e+03
2.142891467766841743e+03
2.151650627040158724e+03
2.160411860130102468e+03
2.169167811575210180e+03
2.177918554264269005e+03
2.186656732735815694e+03
2.195374966708856846e+03
2.204065776624279351e+03
2.212736514803939372e+03
2.221379676869192281e+03
2.229987758441394817e+03
2.238553255141903264e+03
2.247090947642823721e+03
2.255585903215262078e+03
2.264038045830823648e+03
2.272439871110866079e+03
2.280791303026994683e+03
2.289084837200565289e+03
2.297320397603184574e+03
2.305483051505958883e+03
2.313572722880493984e+03
2.321589335698396553e+03
2.329517957230771117e+03
2.337365939799475655e+03
2.345110922325365664e+03
2.352767685480546788e+03
2.360321296536125374e+03
2.367764251113458613e+03
2.375103901534400848e+03
2.382325315070059787e+03
2.389428415692040744e+03
2.396420555722199879e+03
2.403294230781893475e+03
2.410049364842727300e+03
2.416685881876308486e+03
2.423196277503992405e+03
2.429587904047634765e+03
2.435845828778342820e+03
2.441977404017972276e+03
2.447967697037628113e+03
2.453816631808918828e+03
2.459509275602948492e+03
2.465052980741573720e+03
2.470440242846151250e+03
2.475656129187786519e+03
2.480715420438586079e+03
2.485603183869655822e+03
2.490326771802852363e+03
2.494878679859531530e+03
2.499258832011299091e+03
2.503459723879511785e+03
2.507488707786025316e+03
2.511345707702445907e+03
2.515023219250129841e+03
2.518528594750933280e+03
2.521854329826212052e+03
2.525000336742259151e+03
2.527973909294361874e+03
2.530760044521744476e+03
2.533366024514381479e+03
2.535776846311497138e+03
2.537984935302564736e+03
2.539990145227309313e+03
2.541792329825454544e+03
2.543383914486475078e+03
2.544764752950094589e+03
2.545934698956038119e+03
2.546908462944529219e+03
2.547678470305041174e+03
2.548252003127549870e+03
2.548636343502028467e+03
2.548831345168201551e+03
2.548829433515542860e+03
2.548630462283776978e+03
2.548226856862377645e+03
2.547611042640819505e+03
2.546775445008576753e+03
2.545719917705373064e+03
2.544436886120683084e+03
2.542933632344480429e+03
2.541217438466740532e+03
2.539288158227185704e+03
2.537153073715791834e+03
2.534812038672282142e+03
2.532279763536880182e+03
2.529556102049311448e+03
2.526640907949300527e+03
2.523526606626319790e+03
2.520205623469844340e+03
2.516685240569849157e+03
2.512950454965557128e+03
2.508993692046442447e+03
2.504822233902480093e+03
2.500443362623644134e+03
2.495842075249158825e+03
2.491047938919747594e+03
2.486053379024884634e+03
2.480865677654545379e+03
2.475484688548452141e+03
2.469932550497081138e+03
2.464186832189404868e+03
2.458262244065648247e+03
2.452143783165035529e+03
2.445838731577540784e+03
2.439339514692638204e+03
2.432638557899801526e+03
2.425750578279251840e+03
2.418668034420445110e+03
2.411398248253333350e+03
2.403941113357618633e+03
2.396318808363753760e+03
2.388516370150941384e+03
2.380555977349632485e+03
2.372437523539530503e+03
2.364160902300337057e+03
2.355726007211755586e+03
2.347140160203737196e+03
2.338395826505734021e+03
2.329507756397949379e+03
2.320468415109835860e+03
2.311277696221094629e+03
2.301950350011928094e+03
2.292471413361539362e+03
2.282848208199879991e+03
2.273088056456902450e+03
2.263183423362058875e+03
2.253141630845302643e+03
2.242970000836584859e+03
2.232660998565358568e+03
2.222229374311825268e+03
2.211675021655687942e+03
2.201005262526899060e+03
2.190219990505160240e+03
2.179341384220923828e+03
2.168354480553393387e+03
2.157274029782769503e+03
2.146092497138505223e+03
2.134824632900802953e+03
2.123462902299115285e+03
2.112007198913143384e+03
2.100464844672841082e+03
2.088835733157909544e+03
2.077119757948051756e+03
2.065331669323469669e+03
2.053456504163365480e+03
2.041516441098191308e+03
2.029503945357400198e+03
2.017426338870944392e+03
2.005283515218525736e+03
1.993090224680346410e+03
1.980831504135609293e+03
1.968529532214765823e+03
1.956176774147269271e+03
1.943780551863071651e+03
1.931348187292124976e+03
1.918879574014131776e+03
1.906374627538962613e+03
1.893848207797659597e+03
1.881300339950935268e+03
1.868731049159498980e+03
1.856147788934312757e+03
1.843550584436087092e+03
1.830954317526033719e+03
1.818351585014612738e+03
1.805749840412785716e+03
1.793149108881263373e+03
1.780556843931007506e+03
1.767980499072978091e+03
1.755420099467886530e+03
1.742875670276444225e+03
1.730347236659361670e+03
1.717849680477849915e+03
1.705375598542370199e+03
1.692925016013633694e+03
1.680512814752851000e+03
1.668139019920733062e+03
1.655796228327741346e+03
1.643499321835086903e+03
1.631255753953729936e+03
1.619050693143882427e+03
1.606906449617005137e+03
1.594815620183558394e+03
1.582785658354504221e+03
1.570824017640802822e+03
1.558930723203165826e+03
1.547105800202303726e+03
1.535349273798927925e+03
1.523676025854249247e+03
1.512078653178728928e+03
1.500564609283327627e+03
1.489133919328756519e+03
1.477786608475726553e+03
1.466530130235199067e+03
1.455364509767884556e+03
1.444297200584744132e+03
1.433320799496239260e+03
1.422450188363580992e+03
1.411677963997229654e+03
1.401011579908146814e+03
1.390451061257043193e+03
1.380003861554879904e+03
1.369662577612117957e+03
1.359442091289968403e+03
1.349334999398892023e+03
1.339341327099600448e+03
1.329475956253304048e+03
1.319731496437408850e+03
1.310108036647351582e+03
1.300613106995763019e+03
1.291239380894774513e+03
1.282001816807267005e+03
1.272893088145371848e+03
1.263920725021720045e+03
1.255077400848442949e+03
1.246370645738171334e+03
1.237807989803537112e+03
1.229382106456670726e+03
1.221100525810203635e+03
1.212963349626517129e+03
1.204970679667992499e+03
1.197122617697010355e+03
1.189419265475952216e+03
1.181868153117449310e+03
1.174461954033632765e+03
1.167208198337133581e+03
1.160106987790333278e+03
1.153150995805362754e+03
1.146347752494853012e+03
1.139697359621185569e+03
1.133207347296991657e+03
1.126862960584152006e+03
1.120671729595298075e+03
1.114641184443061320e+03
1.108763998539572185e+03
1.103040273647212416e+03
1.097477539878613015e+03
1.092068470645905336e+03
1.086813167711469987e+03
1.081711732837688714e+03
1.076771696137192521e+03
1.071985731022112759e+03
1.067353939254830038e+03
1.062883850947975816e+03
1.058568139513681899e+03
1.054406906714328215e+03
1.050400254312297193e+03
1.046548284069968759e+03
1.042858526099975279e+03
1.039316225464197487e+03
1.035936340625516095e+03
1.032704116645812519e+03
1.029627083637718442e+03
1.026705343363614475e+03
1.023938997585881680e+03
1.021320719716651979e+03
1.018858039868555807e+03
1.016536201126477863e+03
1.014370152068315065e+03
1.012345125893968088e+03
1.010468640854086971e+03
1.008725930148572274e+03
1.007131940378324316e+03
1.005671904743243431e+03
1.004353341493979997e+03
1.003176340530934112e+03
1.002126135054006340e+03
1.001217671664097224e+03
1.000436183561106873e+03
9.997817606454353836e+02
9.992693495179836418e+02
9.988767550284017034e+02
9.986189237775897709e+02
9.984959456659486250e+02
9.984930538933781463e+02
9.986177667105291675e+02
9.988701740178014461e+02
9.992429373653460516e+02
9.997361466535626278e+02
1.000335035082352078e+03
1.001054549252614493e+03
1.001872494014000040e+03
1.002803815967409378e+03
1.003833748312742841e+03
1.004962380950400529e+03
1.006204660481282872e+03
1.007538391755040493e+03
1.008978521372573709e+03
1.010510282533782402e+03
1.012148621839567227e+03
1.013878772489828634e+03
1.015708252735216888e+03
1.017622295775632324e+03
1.019613563161225102e+03
1.021697001492895993e+03
1.023857843970544877e+03
1.026088752144322598e+03
1.028397244264879191e+03
1.030775981882364931e+03
1.033217626546930433e+03
1.035737124859475671e+03
1.038319710019901322e+03
1.040965471928607712e+03
1.043674500485995168e+03
1.046446885592463786e+03
1.049275288798164183e+03
1.052159800003496912e+03
1.055093064105006306e+03
1.058075087735066518e+03
1.061105860872445191e+03
1.064185373495910881e+03
1.067298758883731580e+03
1.070453435364924871e+03
1.073641964568009371e+03
1.076864336471753404e+03
1.080113112704674677e+03
1.083395711595791909e+03
1.086704694773622350e+03
1.090040052216934555e+03
1.093394345554247138e+03
1.096767564764327290e+03
1.100152271475693851e+03
1.103555884017364633e+03
1.106963535667607630e+03
1.110390073105691272e+03
1.113813201259633843e+03
1.117247766808702863e+03
1.120678903031167010e+03
1.124114028256044094e+03
1.127538275761602335e+03
1.130959063876859773e+03
1.134368954230334793e+03
1.137775365151045207e+03
1.141163429917259464e+03
1.144540566857995373e+03
1.147891909251521156e+03
1.151232303777104789e+03
1.154546883713014950e+03
1.157835639038019281e+03
1.161098559730885881e+03
1.164335635770383305e+03
1.167539428785029031e+03
1.170709928753591612e+03
1.173847125654839374e+03
1.176943581117289796e+03
1.179999285119711658e+03
1.183014227640872832e+03
1.185988398659541190e+03
1.188914359804235119e+03
1.191792101053722718e+03
1.194621612386772085e+03
1.197402883782151548e+03
1.200128476868378812e+03
1.202805809974472140e+03
1.205427444728950150e+03
1.207985942760330090e+03
1.210496150747880847e+03
1.212935761704348124e+03
1.215319562732640634e+03
1.217632615619394301e+03
1.219889695552245939e+03
1.222075864317831474e+03
1.224191040403287843e+03
1.226242570646000786e+03
1.228215516832607136e+03
1.230124654150742799e+03
1.231955044387044609e+03
1.233714034378898759e+03
1.235394114263191796e+03
1.237002630877309457e+03
1.238532074358138743e+03
1.239982363192816138e+03
1.241353415868477668e+03
1.242645150872259364e+03
1.243857486691297936e+03
1.244982913462480155e+03
1.246021349672942051e+03
1.246980142160069818e+03
1.247851781060749772e+03
1.248636184862118625e+03
1.249340700401562799e+03
1.249950389465718217e+03
1.250465170541721591e+03
1.250899818817209052e+03
1.251246824429067601e+03
1.251498677514182646e+03
1.251670153260191228e+03
1.251746313453729499e+03
1.251734504932183427e+03
1.251634646182690176e+03
1.251439227342136064e+03
1.251155595247906604e+03
1.250783668387138732e+03
1.250315936896719222e+03
1.249759747614033586e+03
1.249115019026218761e+03
1.248366812919910899e+03
1.247537332832996071e+03
1.246611640552111567e+03
1.245597082914642897e+03
1.244486150057476607e+03
1.243286188817999573e+03
1.241997117683347369e+03
1.240618855140656933e+03
1.239143891326814582e+03
1.237579573079206284e+03
1.235925818884968976e+03
1.234182549183322863e+03
1.232349692221826444e+03
1.230434606550371882e+03
1.228422365668101975e+03
1.226327756475158822e+03
1.224143280820934933e+03
1.221876297255323152e+03
1.219526735977965245e+03
1.217094527188504344e+03
1.214579601086582443e+03
1.211981887871842446e+03
1.209308746094176513e+03
1.206552677602976928e+03
1.203721040948136761e+03
1.200813766329297778e+03
1.197823355595852490e+03
1.194757167297693968e+03
1.191615131634464433e+03
1.188404607156055818e+03
1.185118095711861315e+03
1.181762955851772858e+03
1.178339117775433124e+03
1.174846511682484561e+03
1.171285067772569391e+03
1.167654716245330519e+03
1.163962815650660104e+03
1.160209296188200597e+03
1.156386659707344506e+03
1.152509693108234387e+03
1.148570898240262750e+03
1.144570205303071589e+03
1.140514972846553974e+03
1.136405131070351899e+03
1.132240610174108042e+03
1.128021340357464851e+03
1.123747251820064776e+03
1.119425703111800203e+03
1.115056624432313811e+03
1.110639945981247820e+03
1.106168169607994741e+03
1.101663510562946840e+03
1.097111042345246915e+03
1.092518123504787582e+03
1.087892112591460545e+03
1.083225511454658999e+03
1.078518250294025165e+03
1.073777687659451203e+03
1.069011182100829956e+03
1.064211235467553934e+03
1.059377777959265131e+03
1.054518181084926027e+03
1.049632439839525659e+03
1.044720562177124066e+03
1.039789984402030086e+03
1.034833286118053138e+03
1.029857903629502061e+03
1.024863844890436212e+03
1.019858546205164771e+03
1.014842015527747435e+03
1.009806832461992713e+03
1.004760433312210353e+03
9.997102543827094223e+02
9.946488752772993394e+02
9.895837323002888297e+02
9.845222617559871878e+02
9.794496148979541204e+02
9.743806563807486327e+02
9.693153941584298536e+02
9.642538361850570254e+02
9.591885620644392247e+02
9.541418648013861912e+02
9.490914672992065562e+02
9.440596625627098319e+02
9.390316018454552704e+02
9.340221498020019908e+02
9.290238860361591833e+02
9.240442468522361423e+02
9.190832402042921103e+02
9.141483023966361543e+02
9.092320130330776919e+02
9.043343800676758519e+02
8.994628398047399287e+02
8.946248285485791030e+02
8.898054975527526267e+02
8.850197114718196190e+02
8.802600499095894975e+02
8.755339491703712156e+02
8.708414172082240157e+02
8.661824619772075948e+02
8.615570914313805133e+02
8.569727418750524066e+02
8.524294212622824034e+02
8.479197091968796940e+02
8.434510419831534591e+02
8.390234275751631685e+02
8.346443022772176619e+02
8.303062456931265842e+02
8.260166941271986616e+02
8.217682271832435390e+02
8.175757095158203356e+02
8.134243030600457587e+02
8.093214975280166072e+02
8.052747933133871356e+02
8.012768341093118352e+02
7.973351203094449602e+02
7.934497239571909404e+02
7.896207170959538644e+02
7.858481717691383892e+02
7.821247316698986651e+02
7.784727538923891643e+02
7.748700254292640466e+02
7.713314750244277320e+02
7.678571747212845366e+02
7.644397682129889517e+02
7.610867558931950043e+02
7.577907814550571857e+02
7.545667736424800296e+02
7.514073761486175727e+02
7.483126610168743582e+02
7.452827002906545886e+02
7.423175660133626934e+02
7.394247585786529271e+02
7.365969216796796672e+02
7.338333845248222360e+02
7.311416475077350015e+02
7.285195541667474117e+02
7.259671765452634418e+02
7.234845866866878623e+02
7.210718566344247620e+02
7.187298012669034506e+02
7.164584926275283578e+02
7.142580027597039134e+02
7.121284037068343196e+02
7.100697675123237786e+02
7.080829090546019415e+02
7.061671575420480167e+02
7.043233278530912003e+02
7.025507491961110418e+02
7.008494936145117435e+02
6.992211188217476092e+02
6.976642111911731945e+02
6.961788427661924743e+02
6.947650855902102194e+02
6.934237545416553985e+02
6.921526931588575735e+02
6.909534591552709344e+02
6.898246389042499231e+02
6.887670472842239633e+02
6.877792706685471558e+02
6.868613811006239303e+02
6.860134497390923798e+02
6.852348013685005981e+02
6.845247598886303422e+02
6.838826491992631418e+02
6.833100217052563039e+02
6.828039728013161493e+02
6.823653120572745365e+02
6.819933633729132225e+02
6.816874506480143054e+02
6.814461549473342075e+02
6.812702858407049007e+02
6.811584243928830347e+02
6.811098945036504801e+02
6.811240200727888805e+02
6.812001250000801065e+02
6.813375331853060288e+02
6.815355685282481772e+02
6.817935549286886499e+02
6.821108162864089763e+02
6.824859336661660336e+02
6.829189738027666863e+02
6.834092605959923503e+02
6.839546322755752499e+02
6.845551555763219085e+02
6.852094115629893167e+02
6.859167241353588906e+02
6.866764171932127283e+02
6.874870718013074793e+02
6.883472690243997931e+02
6.892570755972967618e+02
6.902150725847550348e+02
6.912190982165062678e+02
6.922699620623823193e+02
6.933655023521149587e+02
6.945043001504610629e+02
6.956864221922272691e+02
6.969097067071453466e+02
6.981742204300221601e+02
6.994778015905894790e+02
7.008190312536040665e+02
7.021979761538727871e+02
7.036124745211271829e+02
7.050618502551492384e+02
7.065439415856706091e+02
7.080588152474981598e+02
7.096043094703636598e+02
7.111797481540488661e+02
7.127829695282856619e+02
7.144140403278804570e+02
7.160707987825654754e+02
7.177525581823255152e+02
7.194578465429326570e+02
7.211874097754377999e+02
7.229323369355660134e+02
7.247030307896930026e+02
7.264920660635942795e+02
7.282994458332954082e+02
7.301251731748217253e+02
7.319618228139487428e+02
7.338093978267019111e+02
7.356679012891069078e+02
7.375447646274390081e+02
7.394251342172237855e+02
7.413164414847367425e+02
7.432186895060032157e+02
7.451170246565490061e+02
7.470263067128993271e+02
7.489391104008296907e+02
7.508480104461158362e+02
7.527678666252829771e+02
7.546763969636066349e+02
7.565884612376124778e+02
7.584966341730759041e+02
7.604009188460221367e+02
7.622938899822270287e+02
7.641829790079659688e+02
7.660681889992644074e+02
7.679420946818978564e+02
7.698046991318916525e+02
7.716485770750215352e+02
7.734885882878128314e+02
7.753098791457911148e+02
7.771124527249817220e+02
7.788963121014104445e+02
7.806688887013523299e+02
7.824227572505833450e+02
7.841504924748785470e+02
7.858595258005137794e+02
7.875424319532643267e+02
7.892066423594056914e+02
7.908447317447133855e+02
7.924567031852129730e+02
7.940499881071797290e+02
7.956097328861393407e+02
7.971359405981172586e+02
7.986360426693889849e+02
8.001100421759799701e+02
8.015430854934156741e+02
8.029500323982216514e+02
8.043160292659232482e+02
8.056559261931301990e+02
8.069548211557868171e+02
8.082200875006722072e+02
8.094516702243150803e+02
8.106420859729940958e+02
8.117912797432379648e+02
8.128991965315755124e+02
8.139732096847853882e+02
8.149984074988964267e+02
8.159895916709373296e+02
8.169318504969367041e+02
8.178325573236735408e+02
8.186842287974264991e+02
8.194942382649741148e+02
8.202551023725951609e+02
8.209741944670687417e+02
8.216440311946732891e+02
8.222719859021873390e+02
8.228505752358901191e+02
8.233797441923098859e+02
8.238594377679758054e+02
8.242896009594163615e+02
8.246776071134104313e+02
8.250085445259866219e+02
8.252897865439236966e+02
8.255212781637503667e+02
8.256955360317454051e+02
8.258199334946878025e+02
8.258944155491058154e+02
8.259189271915283825e+02
8.258859850682345041e+02
8.258029625260026023e+02
8.256623762111114502e+02
8.254715994703399247e+02
8.252231489499665713e+02
8.249243979967701534e+02
8.245678632570297850e+02
8.241534897272736089e+02
8.236886507542808431e+02
8.231732913345799716e+02
8.225999281144498809e+02
8.219685060904190550e+02
8.212789702590165462e+02
8.205386939670208903e+02
8.197401938607109741e+02
8.188834149366153952e+02
8.179757305415129167e+02
8.170096573216821980e+02
8.159851402736522914e+02
8.149095527442016191e+02
8.137828390686280500e+02
8.125975125870554621e+02
8.113535143286267157e+02
8.100582136727348370e+02
8.087115516485225726e+02
8.073134692851327827e+02
8.058639076117086688e+02
8.043553793071430391e+02
8.027952537508286923e+02
8.011834719719083751e+02
7.995199749995252887e+02
7.978047038628221799e+02
7.960375995909419089e+02
7.942186032130275635e+02
7.923476557582221176e+02
7.904321266059181426e+02
7.884645284350086740e+02
7.864522306248866244e+02
7.843877458544450292e+02
7.822710151528266351e+02
7.801168362496744066e+02
7.779102934736312136e+02
7.756513278538399163e+02
7.733547371199437066e+02
7.710056056005851133e+02
7.686187310254072145e+02
7.661866260733028184e+02
7.637092317734150129e+02
7.611939175051365964e+02
7.586331959473604911e+02
7.560344364794796093e+02
7.533901517803866454e+02
7.507077112294748531e+02
7.479944842061369172e+02
7.452355550390158214e+02
7.424457214577544164e+02
7.396100677909956858e+02
7.367433917683823665e+02
7.338456344190575464e+02
7.309055942467891782e+02
7.279343548060949161e+02
7.249303714560678600e+02
7.218943280608757505e+02
7.188261656496616752e+02
7.157273109216183684e+02
7.125984477409139117e+02
7.094410028067411531e+02
7.062549171482428392e+02
7.030416174646120453e+02
6.998017876200167393e+02
6.965361190421600668e+02
6.932468190829379182e+02
6.899331313176809317e+02
6.865965278267955227e+02
6.832384806906876520e+02
6.798589763197131788e+02
6.764587439592532974e+02
6.730392556897140821e+02
6.696012407564766136e+02
6.661454284049217449e+02
6.626725478804307841e+02
6.591855569334595657e+02
6.556836991393394101e+02
6.521691894135011580e+02
6.486434998363507702e+02
6.451066168182444471e+02
6.415600124395881494e+02
6.380051587807880651e+02
6.344420422522002809e+02
6.308721349342307576e+02
6.272961660722604620e+02
6.237148649116703609e+02
6.201289606978418760e+02
6.165399255111807406e+02
6.129484885970681489e+02
6.093561220359099480e+02
6.057628122380625655e+02
6.021700312839316211e+02
5.985792512539235304e+02
5.949904585583940388e+02
5.914051252777495620e+02
5.878232378223458454e+02
5.842470111076139574e+02
5.806764315439100983e+02
5.771122283766153487e+02
5.735558736861354419e+02
5.700066110478018118e+02
5.664673982120701794e+02
5.629382215892969725e+02
5.594198104248629306e+02
5.559128939641491343e+02
5.524196871225866516e+02
5.489394334755066893e+02
5.454743479383400881e+02
5.420236740864182821e+02
5.385896268351717708e+02
5.351729354299818624e+02
5.317728434461797633e+02
5.283915657991963144e+02
5.250290888993876024e+02
5.216861499529856019e+02
5.183635180096255226e+02
5.150627129148188033e+02
5.117830260090013894e+02
5.085259771376844924e+02
5.052923433113545002e+02
5.020829015404974029e+02
4.988984288355994181e+02
4.957397022071467632e+02
4.926067558306007186e+02
4.895003667164472176e+02
4.864220547101978127e+02
4.833711111522883925e+02
4.803497987232552759e+02
4.773574087635346359e+02
4.743954611186377974e+02
4.714632471290007061e+02
4.685622866401346300e+02
4.656933566625258436e+02
4.628557485366104629e+02
4.600517249429246931e+02
4.572798343868798270e+02
4.545415967139868485e+02
4.518377889347320320e+02
4.491684452245767147e+02
4.465335997589818930e+02
4.439347723834588351e+02
4.413719972734688213e+02
4.388460514394978418e+02
4.363562262219821832e+02
4.339040414664331138e+02
4.314895313483117434e+02
4.291127300430791820e+02
4.267736717261967669e+02
4.244723905731256650e+02
4.222104064293770307e+02
4.199870106353869801e+02
4.178022373666168505e+02
4.156568636335527458e+02
4.135509236116558327e+02
4.114844514763873917e+02
4.094582242382335266e+02
4.074715332376304673e+02
4.055251554850644311e+02
4.036191251559965849e+02
4.017527335908630448e+02
3.999275006351751358e+02
3.981427176293689172e+02
3.963976759138806756e+02
3.946946381692465025e+02
3.930314115051208432e+02
3.914087801283307044e+02
3.898267868499461315e+02
3.882854744810373973e+02
3.867848858326745471e+02
3.853243208809027465e+02
3.839045652718172619e+02
3.825249189814632018e+02
3.811854248209105549e+02
3.798861256012296508e+02
3.786270641334905918e+02
3.774082832287635370e+02
3.762290828630937085e+02
3.750895058475510950e+02
3.739895949932059693e+02
3.729293931111283769e+02
3.719082001773636534e+02
3.709260590029817877e+02
3.699822695640280585e+02
3.690768746715725115e+02
3.682099171366852488e+02
3.673806969354116063e+02
3.665892568788216295e+02
3.658348969429604836e+02
3.651176599388983277e+02
3.644375886777052642e+02
3.637932403004015214e+02
3.631854004530821953e+02
3.626133691117924513e+02
3.620764462525775116e+02
3.615746746865073646e+02
3.611073543896273463e+02
3.606737853379825651e+02
3.602747531776681171e+02
3.599088150497040601e+02
3.595752709301358436e+02
3.592749064650583364e+02
3.590062787954917667e+02
3.587694307325063505e+02
3.585636622521472532e+02
3.583882733304595263e+02
3.582433067785133858e+02
3.581280625723540538e+02
3.580425835230514622e+02
3.579854267716259528e+02
3.579566351291476849e+02
3.579555085716617100e+02
3.579813470752131934e+02
3.580341934508724080e+02
3.581126048396593546e+02
3.582166191375881681e+02
3.583462545804486012e+02
3.584992959838992874e+02
3.586772423387239996e+02
3.588778784605812007e+02
3.591004748351797389e+02
3.593457876182781092e+02
3.596123444605600525e+02
3.599001586827592973e+02
3.602077579355594139e+02
3.605351555396940739e+02
3.608808791458469614e+02
3.612456849097767417e+02
3.616281004821670990e+02
3.620273963487265974e+02
3.624428429951639714e+02
3.628744537422128928e+02
3.633214990755820395e+02
3.637825066459549816e+02
3.642574897740653910e+02
3.647457189456220021e+02
3.652464646463334361e+02
3.657589973619084276e+02
3.662833304130805345e+02
3.668179914505334409e+02
3.673629937950008184e+02
3.679176079321913448e+02
3.684818471828386350e+02
3.690534963626013791e+02
3.696325687922133056e+02
3.702198206274329664e+02
3.708122938488940576e+02
3.714107446123553018e+02
3.720144434035252630e+02
3.726226607081126758e+02
3.732346670118261613e+02
3.738497328003743974e+02
3.744678713944909987e+02
3.750883532798847000e+02
3.757097061072391284e+02
3.763319431972880125e+02
3.769550778707649101e+02
3.775768949433284547e+02
3.781988934057623624e+02
3.788181152387004431e+02
3.794360594329261289e+02
3.800512536391231606e+02
3.806622255079751653e+02
3.812697311952409223e+02
3.818730411866289955e+02
3.824714200392102157e+02
3.830641085955038534e+02
3.836510846044163827e+02
3.842315829798291702e+02
3.848055814706486899e+02
3.853715721557313714e+02
3.859295327839836887e+02
3.864786982692870083e+02
3.870197891955728551e+02
3.875505548066724941e+02
3.880717156865175639e+02
3.885817639139643234e+02
3.890806772379193603e+02
3.895684334072889214e+02
3.900442673359546575e+02
3.905081567728228151e+02
3.909585937967498239e+02
3.913955561566423285e+02
3.918197644364315693e+02
3.922289678799490957e+02
3.926246299061512559e+02
3.930052425938945362e+02
3.933700408570602463e+02
3.937204881146049615e+02
3.940543336103601177e+02
3.943715550932320753e+02
3.946728731471522451e+02
3.949567798509772274e+02
3.952232529536132120e+02
3.954722702039668434e+02
3.957030665159193745e+02
3.959156196383773931e+02
3.961091644852222657e+02
3.962836788053604096e+02
3.964383975126732480e+02
3.965747840261173565e+02
3.966913304245489371e+02
3.967880144568746346e+02
3.968648138720006955e+02
3.969217064188337076e+02
3.969586698462800314e+02
3.969749390682210901e+02
3.969704918335634147e+02
3.969445630561882581e+02
3.968986161550521956e+02
3.968304003739866062e+02
3.967406362969229576e+02
3.966300445077926611e+02
3.964963742504272091e+02
3.963418317788078866e+02
3.961649077074054617e+02
3.959663152982220709e+02
3.957460235138494227e+02
3.955032584818537202e+02
3.952379891648265584e+02
3.949509273603845259e+02
3.946412991960938257e+02
3.943090736345462233e+02
3.939542196383329724e+02
3.935774490050707186e+02
3.931779878623257218e+02
3.927558051726896338e+02
3.923116127337788726e+02
3.918446366731598687e+02
3.913563316234742615e+02
3.908459237122883110e+02
3.903133819021935551e+02
3.897594179908065257e+02
3.891840009407185903e+02
3.885870997145214005e+02
3.879686832748061533e+02
3.873287205841645573e+02
3.866679234402130874e+02
3.859855179705180035e+02
3.852829588077210587e+02
3.845587292443635192e+02
3.838142839130869106e+02
3.830495917764827141e+02
3.822638789621173601e+02
3.814586001026324880e+02
3.806329813255943009e+02
3.797877344286195012e+02
3.789228283742994563e+02
3.780389749602506981e+02
3.771354003140396003e+02
3.762135590683076884e+02
3.752734201856464438e+02
3.743142097936223536e+02
3.733373825248769435e+02
3.723429073420015243e+02
3.713300103725626968e+02
3.703001462492019300e+02
3.692532839345105913e+02
3.681886495560552817e+02
3.671076977464774131e+02
3.660096546333434731e+02
3.648959748492948165e+02
3.637658845218981014e+02
3.626208382837947966e+02
3.614600622625511619e+02
3.602850145252929224e+02
3.590956812070315891e+02
3.578920518772627020e+02
3.566748589405070220e+02
3.554448348012850261e+02
3.542019690290924814e+02
3.529462511934249278e+02
3.516784136988030127e+02
3.503984461147222191e+02
3.491070808457033650e+02
3.478043074612419332e+02
3.464908583658585712e+02
3.451667231290489894e+02
3.438326341553336647e+02
3.424893238492333580e+02
3.411367817802436093e+02
3.397757403528850091e+02
3.384061891366532109e+02
3.370288605360688052e+02
3.356437441206275025e+02
3.342515722948498933e+02
3.328530774632564544e+02
3.314475063603179592e+02
3.300355913905549983e+02
3.286188077935131560e+02
3.271964023036630920e+02
3.257691073255253968e+02
3.243376552636206043e+02
3.229027785224694753e+02
3.214637238365426697e+02
3.200227092804105951e+02
3.185789815885440817e+02
3.171332731654636063e+02
3.156855735806648227e+02
3.142366152386683211e+02
3.127871305439948628e+02
3.113363662311149369e+02
3.098857975395741846e+02
3.084346712038432656e+02
3.069844624634677075e+02
3.055351608879431637e+02
3.040867560467654016e+02
3.026407231794798349e+02
3.011963090205571234e+02
2.997542459745179713e+02
2.983152664458829122e+02
2.968801028391726504e+02
2.954472590538327950e+02
2.940189531644338672e+02
2.925944319054465836e+02
2.911744322618255296e+02
2.897597095402613832e+02
2.883495379578288293e+02
2.869454202366775917e+02
2.855473734289074059e+02
2.841561574216429449e+02
2.827710464319588368e+02
2.813935431820048052e+02
2.800229218888555351e+02
2.786614281096857439e+02
2.773068503915201859e+02
2.759614342915334078e+02
2.746251968618252590e+02
2.732981551544953049e+02
2.719803262216433382e+02
2.706717271153690376e+02
2.693738605578220131e+02
2.680867436011020004e+02
2.668096504622837415e+02
2.655440838635169598e+02
2.642900608569012206e+02
2.630468556595113228e+02
2.618159709934969328e+02
2.605966810759326791e+02
2.593904886289683986e+02
2.581966678696786630e+02
2.570159786851881449e+02
2.558484381275966655e+02
2.546940632490038467e+02
2.535528711015093393e+02
2.524263644072629518e+02
2.513138173833393125e+02
2.502152470818380721e+02
2.491306705548589946e+02
2.480608476895267813e+02
2.470065383729660198e+02
2.459662739872265149e+02
2.449415572544579334e+02
2.439316623917349318e+02
2.429373492861822967e+02
2.419586349898995650e+02
2.409962793900115798e+02
2.400495567035929980e+02
2.391184839827434701e+02
2.382038211145876687e+02
2.373055851512253867e+02
2.364237931447562744e+02
2.355584621472800109e+02
2.347096092108963603e+02
2.338779942227298818e+02
2.330621497558227873e+02
2.322635844872870052e+02
2.314815797801519466e+02
2.307169026674968677e+02
2.299688345123513500e+02
2.292381423477945361e+02
2.285241075368559507e+02
2.278267542775899415e+02
2.271475924381007871e+02
2.264851605463930184e+02
2.258394828005208694e+02
2.252113262335638524e+02
2.245999722085511792e+02
2.240054449235373397e+02
2.234285114116017041e+02
2.228684530357735980e+02
2.223252939941073976e+02
2.217990584846575359e+02
2.212905135405032695e+02
2.207981976896491290e+02
2.203228779651743992e+02
2.198645785651334563e+02
2.194225808525556545e+02
2.189983946955454144e+02
2.185898157870820739e+02
2.181976111602450601e+02
2.178225478481137145e+02
2.174631643786923689e+02
2.171202277850604503e+02
2.167937622652723348e+02
2.164830491823573198e+02
2.161873698993449011e+02
2.159082342843393860e+02
2.156441808653451062e+02
2.153959766754415739e+02
2.151629030776579725e+02
2.149449842700488205e+02
2.147422444506684656e+02
2.145539649825462334e+02
2.143801700637365286e+02
2.142208838922938128e+02
2.140761306662722632e+02
2.139459345837263982e+02
2.138288341726605779e+02
2.137255964661541157e+02
2.136362456622614161e+02
2.135600631240118901e+02
2.134970730494599138e+02
2.134465568016347845e+02
2.134085385785909352e+02
2.133837831875827931e+02
2.133708180274902588e+02
2.133696539414181927e+02
2.133803017724715119e+02
2.134027723637551048e+02
2.134363337233489233e+02
2.134809966943579127e+02
2.135367721198868765e+02
2.136029280080158799e+02
2.136794752018497263e+02
2.137664245444934181e+02
2.138623012090017710e+02
2.139686017085298033e+02
2.140838512161323308e+02
2.142073177398893336e+02
2.143404977929556878e+02
2.144819165483863799e+02
2.146308420142612761e+02
2.147887707037352527e+02
2.149534849548383022e+02
2.151257384457002502e+02
2.153055420194261274e+02
2.154914208490707495e+02
2.156841286127640842e+02
2.158836761536110487e+02
2.160885886446665438e+02
2.162988769290354014e+02
2.165145518498227375e+02
2.167348814151082763e+02
2.169606193030220140e+02
2.171902906866189085e+02
2.174246492440287852e+02
2.176629629833315960e+02
2.179044999126073208e+02
2.181500137099857568e+02
2.183980295485218903e+02
2.186493011063456038e+02
2.189030963915369057e+02
2.191586834121755487e+02
2.194168158463915859e+02
2.196767617022648835e+02
2.199377889878753649e+02
2.201991657113028964e+02
2.204623883857025248e+02
2.207252393491039868e+02
2.209892151146623860e+02
2.212528408554324528e+02
2.215153845794942242e+02
2.217783428000026049e+02
2.220394978549874736e+02
2.223003426274616174e+02
2.225593841397693780e+02
2.228166114541627962e+02
2.230720136328941408e+02
2.233255797382155095e+02
2.235765559973540633e+02
2.238241886375369347e+02
2.240692095560413577e+02
2.243108649800944079e+02
2.245491439719482116e+02
2.247832927588300151e+02
2.250133004029919164e+02
2.252384131316610478e+02
2.254593628421146718e+02
2.256753957615798072e+02
2.258857581172836717e+02
2.260919246415284363e+02
2.262916558914911889e+02
2.264864265994741857e+02
2.266747401576794800e+02
2.268573284633843059e+02
2.270341805788407328e+02
2.272037998962509562e+02
2.273669183128921816e+02
2.275235248910165069e+02
2.276721230228260708e+02
2.278134446055980504e+02
2.279474787015846005e+02
2.280734715380128819e+02
2.281914121771350210e+02
2.283020325162281949e+02
2.284038359474945139e+02
2.284968115331862180e+02
2.285816911705804557e+02
2.286577210869042176e+02
2.287248903444098289e+02
2.287824451703244506e+02
2.288311174619250892e+02
2.288701534464390761e+02
2.288995421861183956e+02
2.289185299081903224e+02
2.289278485099320051e+02
2.289274870535954562e+02
2.289166917664080074e+02
2.288961945456467504e+02
2.288652416185387892e+02
2.288230792123112849e+02
2.287711820592665219e+02
2.287087963866314908e+02
2.286359112566584315e+02
2.285517716009385651e+02
2.284571028385698526e+02
2.283511434229642418e+02
2.282338746425586749e+02
2.281052777857902925e+02
2.279660769761209167e+02
2.278147678319376439e+02
2.276528173117275173e+02
2.274787210338774344e+02
2.272939459568744667e+02
2.270969876991056253e+02
2.268893132190577546e+02
2.266694181351180930e+02
2.264380265707484341e+02
2.261958626494108557e+02
2.259414219894923974e+02
2.256754287144549664e+02
2.253986069477606122e+02
2.251094523077963743e+02
2.248094317530491537e+02
2.244977837369310691e+02
2.241737467128539834e+02
2.238387876393049964e+02
2.234921449696960849e+02
2.231345428274892413e+02
2.227644768310714198e+02
2.223834139389296922e+02
2.219905926044760065e+02
2.215867369511724121e+02
2.211718282674558225e+02
2.207458478417632932e+02
2.203087769625318515e+02
2.198605969181984392e+02
2.194012889972000835e+02
2.189323201580237139e+02
2.184514431840314614e+02
2.179601250337102556e+02
2.174590898305220605e+02
2.169468331928538873e+02
2.164240792441678138e+02
2.158908092729007251e+02
2.153470045674896483e+02
2.147933892513966612e+02
2.142299446130586773e+02
2.136559091058877868e+02
2.130727496883708341e+02
2.124797048139199660e+02
2.118767557709720961e+02
2.112646266829892170e+02
2.106425560033834188e+02
2.100112692537444730e+02
2.093707547131486422e+02
2.087210020587999395e+02
2.080620009679026055e+02
2.073944839526855617e+02
2.067176978553280264e+02
2.060331180230839720e+02
2.053392484631075945e+02
2.046383073576779168e+02
2.039287987139489928e+02
2.032121978791749939e+02
2.024877516955349392e+02
2.017561926752579211e+02
2.010167676605230724e+02
2.002709519985844508e+02
1.995179925316211040e+02
1.987586217718621810e+02
1.979920865614867580e+02
1.972198622477488925e+02
1.964404528378026669e+02
1.956560765139271894e+02
1.948652372832765138e+02
1.940686676580797894e+02
1.932678429855910451e+02
1.924605244379393980e+02
1.916489301974038995e+02
1.908323071061636824e+02
1.900113876764478107e+02
1.891861615854603258e+02
1.883558756753804175e+02
1.875220052934620583e+02
1.866837972818844094e+02
1.858419841528765346e+02
1.849965555836425324e+02
1.841482440864114665e+02
1.832970393383874352e+02
1.824421881817494864e+02
1.815851659637517628e+02
1.807259623615983344e+02
1.798645670524932996e+02
1.790009697136406999e+02
1.781359028572696559e+02
1.772686133255592438e+02
1.764005764657635780e+02
1.755310391200616777e+02
1.746599909656576699e+02
1.737881645147806751e+02
1.729155494446347348e+02
1.720428782674489412e+02
1.711693978254023705e+02
1.702958432312317996e+02
1.694222171646795516e+02
1.685492677410206852e+02
1.676762574054801860e+02
1.668046771083580779e+02
1.659330464598543813e+02
1.650628564102691485e+02
1.641941122398523873e+02
1.633260763938290552e+02
1.624602398224992612e+02
1.615958649710879911e+02
1.607336999548702181e+02
1.598737500540960355e+02
1.590160205490153942e+02
1.581605167198783874e+02
1.573079866819599602e+02
1.564584357155101770e+02
1.556118691007790744e+02
1.547682921180166034e+02
1.539284528824978793e+02
1.530916138394478310e+02
1.522592659391665109e+02
1.514306716268789330e+02
1.506065790178601560e+02
1.497869933923601309e+02
1.489719200306289792e+02
1.481613642129165669e+02
1.473553312194730722e+02
1.465545691655734117e+02
1.457590833314676786e+02
1.449681361623807732e+02
1.441832186086128900e+02
1.434035931153888725e+02
1.426300077979838647e+02
1.418617251016228238e+02
1.410994931415808082e+02
1.403440600331327914e+02
1.395939453864788220e+02
1.388506401519189239e+02
1.381141496097031052e+02
1.373837362050564082e+02
1.366601480532538062e+02
1.359433904345453357e+02
1.352327257941560390e+02
1.345296450823859402e+02
1.338341535794850188e+02
1.331455137306783172e+02
1.324637308162158433e+02
1.317895529513726558e+02
1.311229854163987056e+02
1.304640346939768563e+02
1.298127120765208531e+02
1.291690300588773255e+02
1.285337439709178398e+02
1.279061234724639888e+02
1.272861810583623310e+02
1.266746720584844752e+02
1.260708661326519859e+02
1.254755186107364722e+02
1.248886419875844780e+02
1.243095059230176247e+02
1.237388657469074928e+02
1.231767339541006265e+02
1.226231230394436267e+02
1.220773026627580862e+02
1.215407709889405794e+02
1.210127976778127277e+02
1.204933952242210466e+02
1.199818332879871576e+02
1.194796100340076066e+02
1.189859951221040575e+02
1.185010010471230260e+02
1.180253831389360926e+02
1.175576682223398706e+02
1.170993544622309201e+02
1.166489686834058546e+02
1.162080090507612340e+02
1.157757452241186655e+02
1.153514468632996426e+02
1.149366121332008674e+02
1.145305106936438477e+02
1.141331550394752128e+02
1.137438148305164987e+02
1.133639882316643224e+02
1.129922020677152688e+02
1.126299545035658980e+02
1.122757723640127949e+02
1.119304109789275401e+02
1.115931400081317548e+02
1.112654576165219709e+02
1.109451477938697792e+02
1.106337087050718111e+02
1.103311528449745964e+02
1.100367498733997422e+02
1.097505122851938211e+02
1.094724525752034054e+02
1.092025832382751247e+02
1.089409167692554945e+02
1.086874656629911442e+02
1.084422424143286605e+02
1.082052587798798271e+02
1.079757807282924631e+02
1.077538163250045642e+02
1.075401164704791626e+02
1.073332035601042520e+02
1.071345713293679154e+02
1.069434850086831119e+02
1.067599526634878941e+02
1.065832395241952781e+02
1.064140964912682676e+02
1.062525316301448726e+02
1.060978101712381658e+02
1.059491973449611208e+02
1.058081868868017636e+02
1.056740440271731529e+02
1.055467768315132560e+02
1.054256505302351172e+02
1.053106731887767609e+02
1.052025957076012048e+02
1.051006833171214794e+02
1.050049440827755802e+02
1.049153860700015315e+02
1.048320173442373715e+02
1.047541031358961163e+02
1.046816515104157901e+02
1.046154133682593823e+02
1.045539111048149437e+02
1.044978956205454779e+02
1.044473749808890375e+02
1.044023572512835898e+02
1.043621076621422077e+02
1.043266342789028727e+02
1.042952023319786292e+02
1.042693055568574607e+02
1.042474663489274604e+02
1.042304356086515753e+02
1.042174785664428640e+02
1.042086032877393365e+02
1.042038178379790025e+02
1.042031302825999006e+02
1.042058058520150468e+02
1.042125954466874447e+02
1.042227642970301389e+02
1.042363204684811393e+02
1.042532720264784700e+02
1.042728842014351329e+02
1.042959078938141602e+02
1.043216083340285820e+02
1.043507364225414165e+02
1.043818145547406715e+02
1.044155919206041432e+02
1.044520680331436608e+02
1.044897550248358016e+02
1.045308792032821827e+02
1.045732098659344160e+02
1.046174876503440885e+02
1.046637103590377649e+02
1.047111329595170872e+02
1.047597532543086345e+02
1.048103118809639938e+02
1.048620638069847786e+02
1.049142639998725741e+02
1.049676530971789816e+02
1.050222289014305943e+02
1.050772463801290257e+02
1.051327033358008407e+02
1.051885975709726893e+02
1.052449268881711077e+02
1.053009462548977240e+02
1.053573963087041250e+02
1.054135320170919385e+02
1.054693511825877295e+02
1.055255944427430990e+02
1.055807739300346384e+02
1.056356302820139916e+02
1.056894184661826728e+02
1.057428791200923541e+02
1.057952672112446066e+02
1.058473233771909889e+02
1.058975597504081634e+02
1.059467169684477028e+02
1.059947928338361862e+02
1.060417851491002210e+02
1.060869488817414208e+02
1.061302818342863503e+02
1.061717818092616312e+02
1.062121894442188648e+02
1.062500168716346280e+02
1.062860047290605223e+02
1.063201508190231834e+02
1.063517101090241397e+02
1.063814232366150350e+02
1.064085451692974544e+02
1.064330737095979771e+02
1.064550066600432388e+02
1.064750846581848265e+02
1.064918198364993174e+02
1.065059528325382985e+02
1.065167386138033976e+02
1.065249178178462017e+02
1.065304872603428237e+02
1.065326969745423327e+02
1.065315388418683398e+02
1.065270047437444561e+02
1.065198293966192864e+02
1.065085190118663974e+02
1.064945511409594161e+02
1.064764319952719660e+02
1.064556391262775890e+02
1.064306787453499510e+02
1.064022855689376001e+02
1.063697086434391679e+02
1.063336826853032306e+02
1.062934567409284199e+02
1.062497655267633121e+02
1.062026009242315041e+02
1.061504691447066335e+02
1.060948477396622280e+02
1.060357285905219840e+02
1.059716179086594394e+02
1.059039932455481932e+02
1.058321036475868766e+02
1.057566838312240804e+02
1.056762400078333854e+02
1.055922497288884045e+02
1.055039620407877550e+02
1.054106259899299971e+02
1.053137191277887865e+02
1.052124905007626836e+02
1.051076748253003075e+02
1.049977783127752531e+02
1.048835356796361111e+02
1.047649388073064785e+02
1.046419795772099803e+02
1.045153927057952217e+02
1.043836844044357690e+02
1.042475893895802415e+02
1.041078423776772297e+02
1.039636924151253510e+02
1.038143885483232083e+02
1.036614083287443862e+02
1.035047436378124956e+02
1.033429006869011175e+02
1.031773570274838931e+02
1.030073617059593687e+02
1.028336494387761917e+02
1.026554692723329367e+02
1.024728130880532291e+02
1.022864156023856310e+02
1.020955258617287740e+02
1.019001357916379931e+02
1.017017231642455641e+02
1.014980516206904753e+02
1.012913418122617344e+02
1.010801002151233803e+02
1.008650618105144190e+02
1.006462187446488485e+02
1.004228203287156873e+02
1.001963443789789494e+02
9.996529737160263096e+01
9.973115712285073187e+01
9.949243010888730510e+01
9.925059414597632212e+01
9.900489854530681555e+01
9.875533545309278338e+01
9.850263985057323168e+01
9.824606104893719305e+01
9.798633402942364512e+01
9.772270810322164891e+01
9.745666108659514748e+01
9.718669945570819380e+01
9.691355819179982234e+01
9.663797227610898233e+01
9.635844818479971252e+01
9.607646373413604124e+01
9.579126823530694423e+01
9.550285383452647636e+01
9.521195551303358684e+01
9.491856541704235894e+01
9.462193285774174001e+01
9.432279281637077872e+01
9.402113743914345889e+01
9.371695887227380695e+01
9.341099209700084316e+01
9.310174358948854945e+01
9.279069116600095413e+01
9.247708413772707559e+01
9.216165748590590567e+01
9.184366052172646278e+01
9.152382822642778137e+01
9.120215274622381685e+01
9.087862622732862405e+01
9.055249798093119296e+01
9.022524582329555187e+01
8.989686190063568461e+01
8.956585268911562991e+01
8.923443884002436732e+01
8.890112682952594980e+01
8.856590880383434694e+01
8.823026257921361548e+01
8.789269739430108075e+01
8.755470487772772969e+01
8.721480808049780364e+01
8.687450139371567559e+01
8.653305070341058070e+01
8.619120756566186969e+01
8.584898070152382843e+01
8.550563599702574891e+01
8.516118217322194539e+01
8.481711362121673403e+01
8.447269622703939262e+01
8.412719587671924160e+01
8.378284979638557672e+01
8.343743820201768813e+01
8.309245548471992038e+01
8.274716753052153706e+01
8.240232589550184628e+01
8.205793930071514808e+01
8.171401646721577094e+01
8.136982328103300688e+01
8.102685413327115782e+01
8.068437490995950157e+01
8.034239433215236659e+01
8.000092112090405294e+01
7.966070683229386873e+01
7.932101735235110596e+01
7.898260423715508693e+01
7.864547620776008330e+01
7.830964198522042352e+01
7.797436745556539961e+01
7.764114700989929929e+01
7.730924653425147142e+01
7.697867474967617341e+01
7.664944037722773373e+01
7.632229497298544629e+01
7.599724725800358271e+01
7.567356311831152027e+01
7.535199410998851022e+01
7.503180611906384456e+01
7.471375070161685983e+01
7.439857941372683570e+01
7.408481530639809876e+01
7.377320993570994290e+01
7.346414344022915088e+01
7.315732740700005365e+01
7.285299340758442099e+01
7.255107587953409620e+01
7.225173211090834968e+01
7.195489653925901052e+01
7.166072645264536334e+01
