# d_a
0.000000000000000000e+00
4.213930645253379481e+01
8.327499822375519045e+01
1.234353086454803332e+02
1.626474219089332109e+02
2.009375237019061160e+02
2.383308488984766029e+02
2.748517264969822236e+02
3.105236219873731898e+02
3.453691773157630109e+02
3.794102486017375782e+02
4.126679417527217879e+02
4.451626461094052161e+02
4.769140662466753042e+02
5.079412520457475466e+02
5.382626271451307503e+02
5.678960158705800723e+02
5.968586687373402810e+02
6.251672866115962961e+02
6.528380436122118908e+02
6.798866088283557474e+02
7.063281669236265543e+02
7.321774376925783372e+02
7.574486946312672444e+02
7.821557825793975098e+02
8.063121344879322123e+02
8.299307873625740513e+02
8.530243974303115237e+02
8.756052545732103454e+02
8.976852960708807814e+02
9.192761196904328926e+02
9.403889961603189249e+02
9.610348810622280098e+02
9.812244261730830885e+02
1.000967990287226144e+03
1.020275649547066791e+03
1.039157207308741590e+03
1.057622203567749921e+03
1.075679923968025605e+03
1.093339408416523156e+03
1.110609459324067529e+03
1.127498649492026971e+03
1.144015329663185867e+03
1.160167635754154617e+03
1.175963495785627401e+03
1.191410636525861037e+03
1.206516589861879311e+03
1.221288698912048176e+03
1.235734123892924572e+03
1.249859847752524502e+03
1.263672681581480902e+03
1.277179269812927487e+03
1.290386095221321511e+03
1.303299483729862459e+03
1.315925609035632533e+03
1.328270497061071637e+03
1.340340030239935913e+03
1.352139951645445990e+03
1.363675868967907491e+03
1.374953258348691406e+03
1.385977468077113826e+03
1.396753722156370031e+03
1.407287123744378732e+03
1.417582658475082553e+03
1.427645197665434807e+03
1.437479501413064099e+03
1.447090221589316570e+03
1.456481904732158682e+03
1.465658994843180835e+03
1.474625836092717918e+03
1.483386675436928272e+03
1.491945665150437662e+03
1.500306865278020041e+03
1.508474246008566524e+03
1.516451689974481042e+03
1.524242994479445542e+03
1.531851873657385795e+03
1.539281960565310328e+03
1.546536809212578191e+03
1.553619896529028665e+03
1.560534624274283942e+03
1.567284320890436447e+03
1.573872243300221498e+03
1.580301578652684157e+03
1.586575446018251114e+03
1.592696898035045024e+03
1.598668922508176593e+03
1.604494443963680396e+03
1.610176325158699228e+03
1.615717368549430375e+03
1.621120317718287652e+03
1.626387858761687085e+03
1.631522621639769341e+03
1.636527181489354689e+03
1.641404059901345363e+03
1.646155726163743338e+03
1.650784598471417894e+03
1.655293045103690929e+03
1.659683385570777773e+03
1.663957891730079837e+03
