# d_c
0.000000000000000000e+00
4.256495596183629715e+01
8.495732101606981246e+01
1.271757711882445960e+02
1.692190317218999098e+02
2.110858772862723640e+02
2.527751321268337108e+02
2.942856701597984284e+02
3.356164150117875238e+02
3.767663400059670380e+02
4.177344680960378582e+02
4.585198717495136407e+02
4.991216727818393792e+02
5.395390421429225398e+02
5.797711996577065747e+02
6.198174137224973492e+02
6.596770009587526147e+02
6.993493258261127039e+02
7.388338001964444857e+02
7.781298828907345069e+02
8.172370791806373518e+02
8.561549402565414084e+02
8.948830626639615957e+02
9.334210877101346568e+02
9.717687008426266857e+02
1.009925631001782676e+03
1.047891649948824124e+03
1.085666571571388658e+03
1.123250251168254181e+03
1.160642584715002386e+03
1.197843508112315931e+03
1.234852996418562725e+03
1.271671063068325566e+03
1.308297759078443050e+03
1.344733172243118815e+03
1.380977426319607048e+03
1.417030680205916042e+03
1.452893127111954982e+03
1.488564993725479781e+03
1.524046539374141958e+03
1.559338055184904761e+03
1.594439863242040246e+03
1.629352315744851239e+03
1.664075794166231844e+03
1.698610708413120165e+03
1.732957495989830704e+03
1.767116621165236438e+03
1.801088574144674340e+03
1.834873870247444302e+03
1.868473049090682025e+03
1.901886673780360297e+03
1.935115330110123068e+03
1.968159625768601700e+03
2.001020189555814568e+03
2.033697670609224133e+03
2.066192737639966708e+03
2.098506078179718315e+03
2.130638397838655237e+03
2.162590419574886710e+03
2.194362882975714456e+03
2.225956543551063987e+03
2.257372172039344150e+03
2.288610553725990485e+03
2.319672487774938872e+03
2.350558786573170437e+03
2.381270275088521885e+03
2.411807790240873146e+03
2.442172180286811454e+03
2.472364304217859171e+03
2.502385031172304934e+03
2.532235239860674028e+03
2.561915818004838002e+03
2.591427661790759430e+03
2.620771675334824977e+03
2.649948770163731297e+03
2.678959864707840097e+03
2.707805883807930968e+03
2.736487758235253295e+03
2.765006424224748116e+03
2.793362823021339864e+03
2.821557900439152490e+03
2.849592606433487163e+03
2.877467894685438296e+03
2.905184722198953750e+03
2.932744048910172751e+03
2.960146837308876002e+03
2.987394052071848819e+03
3.014486659707950821e+03
3.041425628214732114e+03
3.068211926746356767e+03
3.094846525292644401e+03
3.121330394369027090e+03
3.147664504717192813e+03
3.173849827016208110e+03
3.199887331603924395e+03
3.225777988208408715e+03
3.251522765689227526e+03
3.277122631788329272e+03
3.302578552890330229e+03
3.327891493791974881e+03
