# d_l
0.000000000000000000e+00
4.299490506329333783e+01
8.667363094383497923e+01
1.310295838330351330e+02
1.760561676392075015e+02
2.217467866911352985e+02
2.680948483936031153e+02
3.150937658320673904e+02
3.627369603237870024e+02
4.110178639129740645e+02
4.599299218076975535e+02
5.094665947564467388e+02
5.596213613625120615e+02
6.103877203344857207e+02
6.617591926713754447e+02
7.137293237810550863e+02
7.662916855309072162e+02
8.194398782297367916e+02
8.731675325401635064e+02
9.274683113209306384e+02
9.823359113986679176e+02
1.037764065268872855e+03
1.093746542725950576e+03
1.150277152422383324e+03
1.207349743357178340e+03
1.264958206293893227e+03
1.323096475108684672e+03
1.381758528068934311e+03
1.440938389043088591e+03
1.500630128642516866e+03
1.560827865296244681e+03
1.621525766259503143e+03
1.682718048557177553e+03
1.744398979863259228e+03
1.806562879317492389e+03
1.869204118280495322e+03
1.932317121028651854e+03
1.995896365390174424e+03
2.059936383323729842e+03
2.124431761441104754e+03
2.189377141475390999e+03
2.254767220696227469e+03
2.320596752273625498e+03
2.386860545591957361e+03
2.453553466515691525e+03
2.520670437608433531e+03
2.588206438306909149e+03
2.656156505051445947e+03
2.724515731374574898e+03
2.793279267949321365e+03
2.862442322598761621e+03
2.932000160268428317e+03
3.001948102963101064e+03
3.072281529649500044e+03
3.142995876126427902e+03
3.214086634863827840e+03
3.285549354812209003e+03
3.357379641183917101e+03
3.429573155207626769e+03
3.502125613857436292e+03
3.575032789557954402e+03
3.648290509866654702e+03
3.721894657134786939e+03
3.795841168148155248e+03
3.870126033748897953e+03
3.944745298439523594e+03
4.019695059970324110e+03
4.094971468911271586e+03
4.170570728209516346e+03
4.246489092733483631e+03
4.322722868804623431e+03
4.399268413717747535e+03
4.476122135250952851e+03
4.553280491165945932e+03
4.630739988699749119e+03
4.708497184048536838e+03
4.786548681844448765e+03
4.864891134626165694e+03
4.943521242303935651e+03
5.022435751619808798e+03
5.101631455603747781e+03
5.181105193026237430e+03
5.260853847848031364e+03
5.340874348667636696e+03
5.421163668167046126e+03
5.501718822556319537e+03
5.582536871017482554e+03
5.663614915148198634e+03
5.744950098405728568e+03
5.826539605551584827e+03
5.908380662097230925e+03
5.990470533751341463e+03
6.072806525868833887e+03
6.155385982902109390e+03
6.238206287854833135e+03
6.321264861738460240e+03
6.404559163031901335e+03
6.488086687144515963e+03
6.571844965882698489e+03
6.655831566920319347e+03
