# d_m
0.000000000000000000e+00
4.256495601266040296e+01
8.495732142019468824e+01
1.271757725438282165e+02
1.692190349153547686e+02
2.110858834848307026e+02
2.527751427711115468e+02
2.942856869563648274e+02
3.356164399257468176e+02
3.767663752535596018e+02
4.177345161372666098e+02
4.585199352808020308e+02
4.991217547287270122e+02
5.395391456528043364e+02
5.797713280926209336e+02
6.198175706519688219e+02
6.596771901526940383e+02
6.993495512477926468e+02
7.388340659955229057e+02
7.781301933963738975e+02
8.172374388946901718e+02
8.561553538468200486e+02
8.948835349575957707e+02
9.334216236870161083e+02
9.717693056289483593e+02
1.009926309863672714e+03
1.047892408286078307e+03
1.085667414911305514e+03
1.123251185159572969e+03
1.160643615121946823e+03
1.197844640808745908e+03
1.234854237382236988e+03
1.271672418375271491e+03
1.308299234897444194e+03
1.344734774830313881e+03
1.380979162013201631e+03
1.417032555421011239e+03
1.452895148335494696e+03
1.488567167511308298e+03
1.524048872338183855e+03
1.559340554000458269e+03
1.594442534635189531e+03
1.629355166489992143e+03
1.664078831081716771e+03
1.698613938357017332e+03
1.732960925855797996e+03
1.767120257878510301e+03
1.801092424658172149e+03
1.834877941537979041e+03
1.868477348155289292e+03
1.901891207632733995e+03
1.935120105777162735e+03
1.968164650287066252e+03
2.001025469969081996e+03
2.033703213964159204e+03
2.066198550983889163e+03
2.098512168557475434e+03
2.130644772289793764e+03
2.162597085130923915e+03
2.194369846657507424e+03
2.225963812366273487e+03
2.257379752979992190e+03
2.288618453766111088e+03
2.319680713868317071e+03
2.350567345651170854e+03
2.381279174058005083e+03
2.411817035982194284e+03
2.442181779651902616e+03
2.472374264028395828e+03
2.502395358217945613e+03
2.532245940897382752e+03
2.561926899753276757e+03
2.591439130934762034e+03
2.620783538519933700e+03
2.649961033995810340e+03
2.678972535751753185e+03
2.707818968586288065e+03
2.736501263227218260e+03
2.765020355864912744e+03
2.793377187698657508e+03
2.821572704495927610e+03
2.849607856164430359e+03
2.877483596336768642e+03
2.905200881967560690e+03
2.932760672942828023e+03
2.960163931701497859e+03
2.987411622868814902e+03
3.014504712901460152e+03
3.041444169744209375e+03
3.068230962497908422e+03
3.094866061098549380e+03
3.121350436007277949e+03
3.147685057911070544e+03
3.173870897433900154e+03
3.199908924858178580e+03
3.225800109856224481e+03
3.251545421231580804e+03
3.277145826669933740e+03
3.302602292499426767e+03
3.327915783460159673e+03
