# d_v
0.000000000000000000e+00
4.253624640167603133e+01
8.484180674311251380e+01
1.269143751533099476e+02
1.687517382209097718e+02
2.103517755996763867e+02
2.517124604767080598e+02
2.928318599060217480e+02
3.337081350104061812e+02
3.743395410547215647e+02
4.147244273940472681e+02
4.548612373002868026e+02
4.947485076710659087e+02
5.343848686249101547e+02
5.737690429868473529e+02
6.128998456687361340e+02
6.517761829487146770e+02
6.903970516542776750e+02
7.287615382535504978e+02
7.668688178594139799e+02
8.047181531511442927e+02
8.423088932182880626e+02
8.796404723314676630e+02
9.167124086448384332e+02
9.535243028348702410e+02
9.900758366800960175e+02
1.026366771586431923e+03
1.062396947062598429e+03
1.098166279150095761e+03
1.133674758812120672e+03
1.168922450285702325e+03
1.203909489401231212e+03
1.238636081873461308e+03
1.273102501567940863e+03
1.307309088746686712e+03
1.341256248296827380e+03
1.374944447945762477e+03
1.408374216466294911e+03
1.441546141875011926e+03
1.474460869627085685e+03
1.507119100810486316e+03
1.539521590342497575e+03
1.571669145171231776e+03
1.603562622484747408e+03
1.635202927930193027e+03
1.666591013845266161e+03
1.697727877504160915e+03
1.728614559379994489e+03
1.759252141425611171e+03
1.789641745374502761e+03
1.819784531063452505e+03
1.849681694778409792e+03
1.879334467624942818e+03
1.908744113924520661e+03
1.937911929637758703e+03
1.966839240815634867e+03
1.995527402079588910e+03
2.023977795131312632e+03
2.052191827292935614e+03
2.080170930078200854e+03
2.107916557795178505e+03
2.135430186180919918e+03
2.162713311068411713e+03
2.189767447086111133e+03
2.216594126390235942e+03
2.243194897429955290e+03
2.269571323745530208e+03
2.295724982799403278e+03
2.321657464840182911e+03
2.347370371799391251e+03
2.372865316220835666e+03
2.398143920222360975e+03
2.423207814489754128e+03
2.448058637302479838e+03
2.472698033590928844e+03
2.497127654024806361e+03
2.521349154132254171e+03
2.545364193449290269e+03
2.569174434699104950e+03
2.592781543000734928e+03
2.616187185106628021e+03
2.639393028668576790e+03
2.662400741531487711e+03
2.685211991054453392e+03
2.707828443458552101e+03
2.730251763200835285e+03
2.752483612373900996e+03
2.774525650130491158e+03
2.796379532132520580e+03
2.818046910023956571e+03
2.839529430926938403e+03
2.860828736960577316e+03
2.881946464781810391e+03
2.902884245147749880e+03
2.923643702498924085e+03
2.944226454562825893e+03
2.964634111977202792e+03
2.984868277932502224e+03
3.004930547832909724e+03
3.024822508975423261e+03
