# f_ap
0.000000000000000000e+00
1.012147677617000231e-02
2.028464958059355422e-02
3.049065583133685545e-02
4.074062370963792840e-02
5.103567163040979154e-02
6.137690773509215519e-02
7.176542940701750861e-02
8.220232280939407388e-02
9.268866244596705994e-02
1.032255107443664915e-01
1.138139176620944631e-01
1.244549203150744632e-01
1.351495426286282997e-01
1.458987950107041298e-01
1.567036740471504375e-01
1.675651622187776246e-01
1.784842276399268568e-01
1.894618238182184666e-01
2.004988894351344697e-01
2.115963481470487795e-01
2.227551084063022768e-01
2.339760633018819480e-01
2.452600904192570042e-01
2.566080517188923937e-01
2.680207934329442709e-01
2.794991459796307143e-01
2.910439238947544194e-01
3.026559257798383529e-01
3.143359342663337164e-01
3.260847159953433883e-01
3.379030216123025676e-01
3.497915857760535152e-01
3.617511271817490659e-01
3.737823485970119264e-01
3.858859369107892068e-01
3.980625631943313092e-01
4.103128827737357320e-01
4.226375353134967927e-01
4.350371449105079336e-01
4.475123201979724352e-01
4.600636544586806376e-01
4.726917257471292544e-01
4.853970970199553703e-01
4.981803162741824109e-01
5.110419166927681056e-01
5.239824167969807656e-01
5.370023206051082187e-01
5.501021177970559783e-01
5.632822838843666302e-01
5.765432803852291732e-01
5.898855550040561502e-01
6.033095418152101264e-01
6.168156614504879398e-01
6.304043212899745896e-01
6.440759156559017207e-01
6.578308260091475512e-01
6.716694211480458421e-01
6.855920574091652897e-01
6.995990788697520335e-01
7.136908175515341846e-01
7.278675936255961654e-01
7.421297156180500787e-01
7.564774806162534171e-01
7.709111744753035511e-01
7.854310720245978317e-01
8.000374372742166118e-01
8.147305236209285706e-01
8.295105740536150574e-01
8.443778213579294922e-01
8.593324883200075259e-01
8.743747879290649783e-01
8.895049235787380049e-01
9.047230892670011793e-01
9.200294697945421429e-01
9.354242409614640374e-01
9.509075697621923728e-01
9.664796145784890768e-01
9.821405253704628135e-01
9.978904438654877529e-01
1.013729503744956739e+00
1.029657830828769383e+00
1.045675543257516882e+00
1.061782751672273317e+00
1.077979559391948783e+00
1.094266062588165278e+00
1.110642350457592409e+00
1.127108505391710480e+00
1.143664603143986547e+00
1.160310712994409021e+00
1.177046897911368406e+00
1.193873214710880371e+00
1.210789714213112100e+00
1.227796441396218130e+00
1.244893435547484772e+00
1.262080730411754503e+00
1.279358354337170267e+00
1.296726330418200845e+00
1.314184676635993920e+00
1.331733405996039288e+00
