# h
2.368305075906879814e-04
2.377889636056360197e-04
2.387628192780076608e-04
2.397520787289021725e-04
2.407567430579948917e-04
2.417768104046492006e-04
2.428122760103396843e-04
2.438631322822660391e-04
2.449293688580358704e-04
2.460109726712970328e-04
2.471079280182029102e-04
2.482202166245916965e-04
2.493478177137676524e-04
2.504907080747716358e-04
2.516488621310301269e-04
2.528222520092779065e-04
2.540108476086487847e-04
2.552146166698354484e-04
2.564335248442191134e-04
2.576675357628768238e-04
2.589166111053745685e-04
2.601807106682612106e-04
2.614597924331782852e-04
2.627538126345085228e-04
2.640627258264866624e-04
2.653864849497026245e-04
2.667250413969278152e-04
2.680783450782036866e-04
2.694463444851314012e-04
2.708289867543076882e-04
2.722262177298563125e-04
2.736379820250053906e-04
2.750642230826694646e-04
2.765048832349933428e-04
2.779599037618238279e-04
2.794292249480736612e-04
2.809127861399512830e-04
2.824105258000272987e-04
2.839223815611168866e-04
2.854482902789576585e-04
2.869881880836665450e-04
2.885420104299612327e-04
2.901096921461368832e-04
2.916911674817882676e-04
2.932863701542722207e-04
2.948952333939078665e-04
2.965176899879128276e-04
2.981536723230766091e-04
2.998031124271760377e-04
3.014659420091361157e-04
3.031420924979444766e-04
3.048314950803287116e-04
3.065340807372061082e-04
3.082497802789180524e-04
3.099785243792630807e-04
3.117202436083423510e-04
3.134748684642334172e-04
3.152423294035100313e-04
3.170225568706244571e-04
3.188154813261719696e-04
3.206210332740567332e-04
3.224391432875786277e-04
3.242697420344628685e-04
3.261127603008531837e-04
3.279681290142895823e-04
3.298357792656948350e-04
3.317156423303893489e-04
3.336076496881598577e-04
3.355117330424031252e-04
3.374278243383688940e-04
3.393558557805236540e-04
3.412957598490602229e-04
3.432474693155749840e-04
3.452109172579364725e-04
3.471860370743682939e-04
3.491727624967690363e-04
3.511710276032917253e-04
3.531807668302066770e-04
3.552019149830671534e-04
3.572344072472032474e-04
3.592781791975632397e-04
3.613331668079245470e-04
3.633993064594966496e-04
3.654765349489340494e-04
3.675647894957821920e-04
3.696640077493752686e-04
3.717741277952060124e-04
3.738950881607849440e-04
3.760268278210114547e-04
3.781692862030716358e-04
3.803224031908825856e-04
3.824861191291010305e-04
3.846603748267125758e-04
3.868451115602177968e-04
3.890402710764348472e-04
3.912457955949288847e-04
3.934616278100896741e-04
3.956877108928679365e-04
3.979239884921869806e-04
4.001704047360448487e-04
