# mu
-inf
3.316708497161934588e+01
3.468943495234977803e+01
3.558684680823726865e+01
3.622825621987269074e+01
3.672928667617338760e+01
3.714144234414553125e+01
3.749219905345304937e+01
3.779795904681404295e+01
3.806930348931017249e+01
3.831345832263923512e+01
3.853557856498445489e+01
3.873947141816974948e+01
3.892802893989944835e+01
3.910349991457205476e+01
3.926766770120570982e+01
3.942197056685665757e+01
3.956758547586021990e+01
3.970548789365551556e+01
3.983649540031109382e+01
3.996130010452175441e+01
4.008049314136462726e+01
4.019458346625509648e+01
4.030401246814116689e+01
4.040916547065289421e+01
4.051038088417664085e+01
4.060795756213086349e+01
4.070216076841073516e+01
4.079322705927243931e+01
4.088136830837107283e+01
4.096677504934763903e+01
4.104961927030371527e+01
4.113005676462691440e+01
4.120822912011504258e+01
4.128426541121233129e+01
4.135828364601272256e+01
4.143039200949412049e+01
4.150068993649109927e+01
4.156926904165625558e+01
4.163621392870324200e+01
4.170160289727228076e+01
4.176550856258786126e+01
4.182799840051859519e+01
4.188913522857144756e+01
4.194897763165748472e+01
4.200758034007561292e+01
4.206499456601491715e+01
4.212126830392749355e+01
4.217644659933505835e+01
4.223057178997340344e+01
4.228368372262714558e+01
4.233581994854205988e+01
4.238701589991005392e+01
4.243730504958890748e+01
4.248671905593627685e+01
4.253528789439582170e+01
4.258303997726682866e+01
4.263000226291136130e+01
4.267620035550037016e+01
4.272165859626821316e+01
4.276640014713133553e+01
4.281044706742748218e+01
4.285382038444592467e+01
4.289654015834427980e+01
4.293862554198139492e+01
4.298009483613880377e+01
4.302096554055246713e+01
4.306125440113228819e+01
4.310097745370764954e+01
4.314015006460275004e+01
4.317878696831493812e+01
4.321690230254201026e+01
4.325450964078051896e+01
4.329162202269564830e+01
4.332825198244400156e+01
4.336441157511391964e+01
4.340011240143230964e+01
4.343536563087372571e+01
4.347018202329478953e+01
4.350457194920650750e+01
4.353854540878674584e+01
4.357211204972652752e+01
4.360528118399550124e+01
4.363806180360509757e+01
4.367046259544081011e+01
4.370249195522958985e+01
4.373415800070264936e+01
4.376546858400917017e+01
4.379643130343208668e+01
4.382705351445297026e+01
4.385734234020922884e+01
4.388730468138395224e+01
4.391694722556505326e+01
4.394627645610810873e+01
4.397529866053439207e+01
4.400401993849342830e+01
4.403244620931723574e+01
4.406058321919137200e+01
4.408843654796619660e+01
4.411601161563011431e+01
