# rs_dv
inf
3.510781178919069934e+00
1.760163521046082646e+00
1.176663030554845335e+00
8.849417189017394492e-01
7.099319835220728736e-01
5.932779529708137600e-01
5.099699648009418107e-01
4.475031850338662687e-01
3.989304813167951491e-01
3.600835721860634608e-01
3.283099130961583678e-01
3.018411394343286647e-01
2.794529973746098239e-01
2.602710186514742285e-01
2.436539254238643815e-01
2.291207583150038640e-01
2.163037239673051559e-01
2.049167600786739596e-01
1.947340272691138463e-01
1.855748533869841232e-01
1.772929794416492066e-01
1.697687384631789975e-01
1.629032746590923231e-01
1.566142077814768330e-01
1.508323380455552920e-01
1.454991114512054484e-01
1.405646483659078738e-01
1.359861945537459982e-01
1.317268926807048379e-01
1.277547995184525054e-01
1.240420933662884362e-01
1.205644300810254088e-01
1.173004161918997784e-01
1.142311749947639704e-01
1.113399870296965521e-01
1.086119904785847884e-01
1.060339301464641171e-01
1.035939460769728232e-01
1.012813946881055832e-01
9.908669673721191840e-02
9.700120753463779832e-02
9.501710569790328131e-02
9.312729742819175760e-02
9.132533383969292096e-02
8.960533931135981900e-02
8.796194918375674354e-02
8.639025540918193746e-02
8.488575899521380586e-02
8.344432827119716012e-02
8.206216216246164930e-02
8.073575778494067323e-02
7.946188177860367963e-02
7.823754488590060896e-02
7.705997935457395420e-02
7.592661880537825148e-02
7.483508025659886542e-02
7.378314804050482845e-02
7.276875938340418570e-02
7.178999145193039333e-02
7.084504969450440559e-02
6.993225732935100247e-02
6.905004584962493031e-02
6.819694643263883582e-02
6.737158215431310326e-02
6.657266092213487418e-02
6.579896905042635635e-02
6.504936541082007029e-02
6.432277609873282564e-02
6.361818956349545029e-02
6.293465215577696836e-02
6.227126405116624464e-02
6.162717551334329080e-02
6.100158346428231210e-02
6.039372833244589095e-02
5.980289115302849651e-02
5.922839089703826887e-02
5.866958200841683457e-02
5.812585213053058503e-02
5.759662000525745534e-02
5.708133352956944878e-02
5.657946795600442280e-02
5.609052422474587046e-02
5.561402741621482987e-02
5.514952531413375852e-02
5.469658706996730069e-02
5.425480196049116410e-02
5.382377823099840364e-02
5.340314201733319110e-02
5.299253634055488271e-02
5.259162016858529715e-02
5.220006753968858132e-02
5.181756674308146682e-02
5.144381955237518206e-02
5.107854050791701267e-02
5.072145624442991885e-02
5.037230486064876722e-02
5.003083532792460680e-02
4.969680693501424967e-02
4.936998876649897200e-02
