# a
1.000000000000000000e+00
9.801980198019802915e-01
9.611650485436893376e-01
9.428571428571429491e-01
9.252336448598129648e-01
9.082568807339449490e-01
8.918918918918919969e-01
8.761061946902655162e-01
8.608695652173913304e-01
8.461538461538461453e-01
8.319327731092437395e-01
8.181818181818181213e-01
8.048780487804878536e-01
7.920000000000000373e-01
7.795275590551180578e-01
7.674418604651163101e-01
7.557251908396945828e-01
7.443609022556391119e-01
7.333333333333332815e-01
7.226277372262773779e-01
7.122302158273381423e-01
7.021276595744680993e-01
6.923076923076922906e-01
6.827586206896550935e-01
6.734693877551020114e-01
6.644295302013422111e-01
6.556291390728476998e-01
6.470588235294117974e-01
6.387096774193548043e-01
6.305732484076432831e-01
6.226415094339623479e-01
6.149068322981365853e-01
6.073619631901839844e-01
5.999999999999999778e-01
5.928143712574850399e-01
5.857988165680473314e-01
5.789473684210526550e-01
5.722543352601155986e-01
5.657142857142857251e-01
5.593220338983050377e-01
5.530726256983239386e-01
5.469613259668508753e-01
5.409836065573769837e-01
5.351351351351351093e-01
5.294117647058823595e-01
5.238095238095238360e-01
5.183246073298428680e-01
5.129533678756476034e-01
5.076923076923076650e-01
5.025380710659897998e-01
4.974874371859295819e-01
4.925373134328358549e-01
4.876847290640393684e-01
4.829268292682926123e-01
4.782608695652174058e-01
4.736842105263157632e-01
4.691943127962084903e-01
4.647887323943662441e-01
4.604651162790697749e-01
4.562211981566819952e-01
4.520547945205479756e-01
4.479638009049772829e-01
4.439461883408071796e-01
4.399999999999999467e-01
4.361233480176210930e-01
4.323144104803493537e-01
4.285714285714285476e-01
4.248927038626608699e-01
4.212765957446808485e-01
4.177215189873417778e-01
4.142259414225941128e-01
4.107883817427386286e-01
4.074074074074073848e-01
4.040816326530611846e-01
4.008097165991902910e-01
3.975903614457830804e-01
3.944223107569720943e-01
3.913043478260869734e-01
3.882352941176470118e-01
3.852140077821011310e-01
3.822393822393821972e-01
3.793103448275861878e-01
3.764258555133079831e-01
3.735849056603773310e-01
3.707865168539325462e-01
3.680297397769516921e-01
3.653136531365313577e-01
3.626373626373626258e-01
3.599999999999999867e-01
3.574007220216605663e-01
3.548387096774193172e-01
3.523131672597865083e-01
3.498233215547702502e-01
3.473684210526315486e-01
3.449477351916376278e-01
3.425605536332179679e-01
3.402061855670103219e-01
3.378839590443685759e-01
3.355932203389830337e-01
3.333333333333333148e-01
