# d_a
0.000000000000000000e+00
8.327505680757887774e+01
1.626476479194132310e+02
2.383313393795690729e+02
3.105244630489229962e+02
3.794115162235743810e+02
4.451644068906613825e+02
5.079435639044402251e+02
5.678989286977837310e+02
6.251708428839293674e+02
6.798908441820021835e+02
7.321823814616436721e+02
7.821614583010418755e+02
8.299372132510800384e+02
8.756124439648918951e+02
9.192840814610931375e+02
9.610436200187074292e+02
1.000977507534444499e+03
1.039167500593517616e+03
1.075690988000871130e+03
1.110621286080071059e+03
1.144027908663032576e+03
1.175976814357749390e+03
1.206530633386683576e+03
1.235748876030000474e+03
1.263688124480658871e+03
1.290402209718416543e+03
1.315942374833678514e+03
1.340357426076688853e+03
1.363693872770367079e+03
1.385996057103791827e+03
1.407306274716006556e+03
1.427664886884793077e+03
1.447110425050829917e+03
1.465679688332907290e+03
1.483407834623536246e+03
1.500328465795338388e+03
1.516473707496162888e+03
1.531874283964220467e+03
1.546559588252946469e+03
1.560557748218240022e+03
1.573895688587653922e+03
1.586599189401552167e+03
1.598692941089831947e+03
1.610200596424178002e+03
1.621144819564604632e+03
1.631547332400056121e+03
1.641428958365756671e+03
1.650809663904674153e+03
1.659708597726630160e+03
1.668144128006152187e+03
1.676133877648925136e+03
1.683694757746539381e+03
1.690842999330040811e+03
1.697594183524463460e+03
1.703963270198951477e+03
1.709964625200201226e+03
1.715612046250707181e+03
1.720918787587561383e+03
1.725897583412358017e+03
1.730560670217972529e+03
1.734919808053616862e+03
1.738986300785550156e+03
1.742771015407144205e+03
1.746284400448594624e+03
1.749536503533449377e+03
1.752536988126213146e+03
1.755295149512632406e+03
1.757819930051764459e+03
1.760119933736657458e+03
1.762203440098307055e+03
1.764078417485590307e+03
1.765752535752017593e+03
1.767233178378410912e+03
1.768527454059025558e+03
1.769642207777103295e+03
1.770584031394454996e+03
1.771359273778336501e+03
1.771974050487659497e+03
1.772434253039402620e+03
1.772745557775001998e+03
1.772913434345485030e+03
1.772943153833129145e+03
1.772839796526529199e+03
1.772608259365098547e+03
1.772253263068222168e+03
1.771779358963513005e+03
1.771190935527908096e+03
1.770492224654662323e+03
1.769687307658647569e+03
1.768780121031767521e+03
1.767774461959712880e+03
1.766673993610746720e+03
1.765482250206684284e+03
1.764202641885755384e+03
1.762838459366563711e+03
1.761392878421920159e+03
1.759868964170918389e+03
1.758269675197217111e+03
1.756597867501125393e+03
