# mu
-inf
3.468943647997649293e+01
3.622825923729021724e+01
3.714144681299657691e+01
3.779796492829727583e+01
3.831346557758623561e+01
3.873948000712120177e+01
3.910350979785268777e+01
3.942198170464862983e+01
3.970550024606974659e+01
3.996131363166705341e+01
4.019459812830465495e+01
4.040918122790805000e+01
4.060797437508176699e+01
4.079324488865560738e+01
4.096679385620020497e+01
4.113007651033747436e+01
4.128428605756835168e+01
4.143041351872587086e+01
4.156929137647721006e+01
4.170162602091615156e+01
4.182802227677289864e+01
4.194900222489377484e+01
4.206501984121578630e+01
4.217647252211797593e+01
4.228371025926520588e+01
4.238704301734992441e+01
4.248674672181321910e+01
4.258306815991717542e+01
4.267622902397146589e+01
4.276642927118911786e+01
4.285384993458025349e+01
4.293865548940940613e+01
4.302099585721990849e+01
4.310100811228849693e+01
4.317881794220933500e+01
4.325454090411125918e+01
4.332828351005157685e+01
4.340014416886874926e+01
4.347021400681636294e+01
4.353857758534566358e+01
4.360531353123068499e+01
4.367049509166788113e+01
4.373419062490322773e+01
4.379646403524245102e+01
4.385737515990842894e+01
4.391698011406265323e+01
4.397533159935778713e+01
4.403247918059864219e+01
4.408846953442943573e+01
4.414334667341198326e+01
4.419715214839435191e+01
4.424992523167621528e+01
4.430170308314406213e+01
4.435252090126584790e+01
4.440241206059291557e+01
4.445140823720997503e+01
4.449953952339627961e+01
4.454683453260803105e+01
4.459332049575986900e+01
4.463902334966918772e+01
4.468396781842740495e+01
4.472817748837626795e+01
4.477167487729153095e+01
4.481448149831093275e+01
4.485661791908519547e+01
4.489810381658048755e+01
4.493895802791585936e+01
4.497919859757997330e+01
4.501884282133664783e+01
4.505790728709794735e+01
4.509640791301614371e+01
4.513435998302183094e+01
4.517177818001354694e+01
4.520867661688531314e+01
4.524506886556105201e+01
4.528096798418945923e+01
4.531638654263930732e+01
4.535133664642243900e+01
4.538582995916087270e+01
4.541987772370416110e+01
4.545349078199429016e+01
4.548667959376713554e+01
4.551945425417205371e+01
4.555182451038475477e+01
4.558379977728210974e+01
4.561538915224254254e+01
4.564660142913024288e+01
4.567744511151708764e+01
4.570792842519209387e+01
4.573805933000407720e+01
4.576784553108029741e+01
4.579729448946016390e+01
4.582641343218053720e+01
4.585520936184641982e+01
4.588368906571833605e+01
4.591185912434560379e+01
4.593972591977249920e+01
4.596729564334260942e+01
4.599457430312479289e+01
