# t_k
8.800482000000000000e+06
8.800479000000000000e+06
8.800476000000000000e+06
8.800473000000000000e+06
8.800469000000000000e+06
8.800463000000000000e+06
8.800457000000000000e+06
8.800449000000000000e+06
8.800440000000000000e+06
8.800429000000000000e+06
8.800415000000000000e+06
8.800398000000000000e+06
8.800377000000000000e+06
8.800351000000000000e+06
8.800321000000000000e+06
8.800283000000000000e+06
8.800237000000000000e+06
8.800181000000000000e+06
8.800113000000000000e+06
8.800030000000000000e+06
8.799929000000000000e+06
8.799806000000000000e+06
8.799656000000000000e+06
8.799473000000000000e+06
8.799249000000000000e+06
8.798977000000000000e+06
8.798646000000000000e+06
8.798243000000000000e+06
8.797752000000000000e+06
8.797154000000000000e+06
8.796427000000000000e+06
8.795542000000000000e+06
8.794467000000000000e+06
8.793160000000000000e+06
8.791575000000000000e+06
8.789651000000000000e+06
8.787322000000000000e+06
8.784502000000000000e+06
8.781098000000000000e+06
8.776994000000000000e+06
8.772058000000000000e+06
8.766136000000000000e+06
8.759054000000000000e+06
8.750614000000000000e+06
8.740598000000000000e+06
8.728763000000000000e+06
8.714848000000000000e+06
8.698574000000000000e+06
8.679642000000000000e+06
8.657733000000000000e+06
8.632507000000000000e+06
8.603592000000000000e+06
8.570579000000000000e+06
8.533017000000000000e+06
8.490417000000000000e+06
8.442260000000000000e+06
8.388005000000000000e+06
8.327089500000000000e+06
8.258933000000000000e+06
8.182938500000000000e+06
8.098492500000000000e+06
8.004968500000000000e+06
7.901737500000000000e+06
7.788177000000000000e+06
7.663672500000000000e+06
7.527608000000000000e+06
7.379373000000000000e+06
7.218372500000000000e+06
7.044011000000000000e+06
6.855711500000000000e+06
6.652909000000000000e+06
6.435059500000000000e+06
6.201689000000000000e+06
5.952412000000000000e+06
5.687029500000000000e+06
5.405632500000000000e+06
5.108770500000000000e+06
4.797672500000000000e+06
4.474517500000000000e+06
4.142739250000000000e+06
3.807308750000000000e+06
3.474883000000000000e+06
3.153674000000000000e+06
2.852819250000000000e+06
2.581044500000000000e+06
2.352290500000000000e+06
2.174626250000000000e+06
2.032558750000000000e+06
1.913519625000000000e+06
1.807137500000000000e+06
1.706209750000000000e+06
1.606252625000000000e+06
1.505750875000000000e+06
1.405701625000000000e+06
1.308726250000000000e+06
1.217888500000000000e+06
1.117653750000000000e+06
1.034831375000000000e+06
9.699307500000000000e+05
9.201576875000000000e+05
8.806916250000000000e+05
8.462864375000000000e+05
8.124681875000000000e+05
7.764847500000000000e+05
7.377100625000000000e+05
6.971277500000000000e+05
6.565468125000000000e+05
6.182063125000000000e+05
5.843088125000000000e+05
5.561256250000000000e+05
5.334670625000000000e+05
5.151182500000000000e+05
4.995588750000000000e+05
4.852315000000000000e+05
4.706726250000000000e+05
4.549318750000000000e+05
4.379068750000000000e+05
4.201558437500000000e+05
4.024686562500000000e+05
3.856378437500000000e+05
3.703652500000000000e+05
3.570853125000000000e+05
3.458084687500000000e+05
3.361716250000000000e+05
3.276209375000000000e+05
3.195628437500000000e+05
3.114791250000000000e+05
3.030497500000000000e+05
2.942228437500000000e+05
2.851645937500000000e+05
2.761430937500000000e+05
2.674442187500000000e+05
2.593249375000000000e+05
2.519580937500000000e+05
2.453747031250000000e+05
2.394601875000000000e+05
2.340187343750000000e+05
2.288470781250000000e+05
2.237723750000000000e+05
2.186677812500000000e+05
2.134768281250000000e+05
2.082320625000000000e+05
2.030312031250000000e+05
1.979829531250000000e+05
1.931696250000000000e+05
1.886443437500000000e+05
1.844318281250000000e+05
1.805157031250000000e+05
1.768363437500000000e+05
1.733165468750000000e+05
1.698905937500000000e+05
1.665126406250000000e+05
1.631555000000000000e+05
1.598165468750000000e+05
1.565195781250000000e+05
1.532999531250000000e+05
1.501868125000000000e+05
1.471997968750000000e+05
1.443512656250000000e+05
1.416413125000000000e+05
1.390528125000000000e+05
1.365594531250000000e+05
1.341382968750000000e+05
1.317725625000000000e+05
1.294485703125000000e+05
1.271582734375000000e+05
1.249046875000000000e+05
1.226994375000000000e+05
1.205532812500000000e+05
1.184715000000000000e+05
1.164568906250000000e+05
1.145117890625000000e+05
1.126342812500000000e+05
1.108159218750000000e+05
1.090462812500000000e+05
1.073183750000000000e+05
1.056281015625000000e+05
1.039714609375000000e+05
1.023457343750000000e+05
1.007524531250000000e+05
9.919580468750000000e+04
9.767805468750000000e+04
9.619896875000000000e+04
9.475864062500000000e+04
9.335760937500000000e+04
9.199403906250000000e+04
9.066354687500000000e+04
8.936275000000000000e+04
8.809034375000000000e+04
8.684488281250000000e+04
8.562392187500000000e+04
8.442640625000000000e+04
8.325364843750000000e+04
8.210685156250000000e+04
8.098522656250000000e+04
7.988778906250000000e+04
7.488091406250000000e+04
5.279592578125000000e+04
3.702152343750000000e+04
2.583140429687500000e+04
1.794282812500000000e+04
1.241264160156250000e+04
8.555237304687500000e+03
5.876743164062500000e+03
4.024451660156250000e+03
2.748244384765625000e+03
1.871899902343750000e+03
1.271980468750000000e+03
8.624382934570312500e+02
5.835758666992187500e+02
3.941414489746093750e+02
2.657352600097656250e+02
1.788699188232421875e+02
1.202151718139648438e+02
8.067684173583984375e+01
5.406694030761718750e+01
3.618444061279296875e+01
2.418342018127441406e+01
1.613977622985839844e+01
