# k_h
9.568646419211295859e-06
9.717965460472263671e-06
9.869614630270379951e-06
1.002363029033786495e-05
1.018004936983304143e-05
1.033890937419487998e-05
1.050024839413603759e-05
1.066410511477590909e-05
1.083051882491650870e-05
1.099952942646289939e-05
1.117117744399060958e-05
1.134550403446259187e-05
1.152255099709746345e-05
1.170236078339211157e-05
1.188497650730033092e-05
1.207044195557065067e-05
1.225880159824525026e-05
1.245010059932269645e-05
1.264438482758733913e-05
1.284170086760731255e-05
1.304209603090456536e-05
1.324561836729879352e-05
1.345231667642878573e-05
1.366224051945329598e-05
1.387544023093450074e-05
1.409196693090718672e-05
1.431187253713584285e-05
1.453520977756346619e-05
1.476203220295433000e-05
1.499239419973405447e-05
1.522635100303033633e-05
1.546395870991672567e-05
1.570527429286357860e-05
1.595035561339837953e-05
1.619926143597975966e-05
1.645205144208764105e-05
1.670878624453330939e-05
1.696952740199308312e-05
1.723433743376831992e-05
1.750327983477625328e-05
1.777641909077424420e-05
1.805382069382212366e-05
1.833555115798546863e-05
1.862167803528390765e-05
1.891226993188871168e-05
1.920739652457255340e-05
1.950712857741657480e-05
1.981153795877757520e-05
2.012069765852053741e-05
2.043468180551968367e-05
2.075356568543262520e-05
2.107742575875229109e-05
2.140633967913995015e-05
2.174038631204492636e-05
2.207964575361447048e-05
2.242419934989870749e-05
2.277412971635571487e-05
2.312952075766032658e-05
2.349045768782276816e-05
2.385702705062049409e-05
2.422931674034959379e-05
2.460741602289953032e-05
2.499141555715674823e-05
2.538140741674279496e-05
2.577748511209089626e-05
2.617974361286786028e-05
2.658827937074505394e-05
2.700319034252549584e-05
2.742457601363134119e-05
2.785253742195783740e-05
2.828717718210014344e-05
2.872859950995730258e-05
2.917691024772112036e-05
2.963221688925403406e-05
3.009462860586391191e-05
3.056425627248047133e-05
3.104121249424015671e-05
3.152561163348649372e-05
3.201756983719090391e-05
3.251720506480235183e-05
3.302463711653060187e-05
3.353998766207183627e-05
3.406338026978183189e-05
3.459494043630440701e-05
3.513479561666290371e-05
3.568307525482018793e-05
3.623991081471671495e-05
3.680543581179174923e-05
3.737978584499757767e-05
3.796309862931259831e-05
3.855551402876172069e-05
3.915717408995288709e-05
3.976822307613567107e-05
4.038880750179272742e-05
4.101907616776967729e-05
4.165918019695449408e-05
4.230927307051274619e-05
4.296951066468839356e-05
4.364005128817962466e-05
4.432105572009670681e-05
4.501268724851357269e-05
4.571511170961951951e-05
4.642849752748330627e-05
4.715301575443681153e-05
4.788884011208887015e-05
4.863614703298011751e-05
4.939511570288637629e-05
5.016592810378377252e-05
5.094876905748275020e-05
5.174382626994444883e-05
5.255129037628772452e-05
5.337135498649837499e-05
5.420421673185280633e-05
5.505007531206452382e-05
5.590913354316792765e-05
5.678159740614829724e-05
5.766767609633060188e-05
5.856758207354018200e-05
5.948153111304444227e-05
6.040974235729129095e-05
6.135243836845371071e-05
6.230984518179431830e-05
6.328219235986393999e-05
6.426971304754401475e-05
6.527264402795002337e-05
6.629122577920522027e-05
6.732570253210223192e-05
6.837632232866322859e-05
6.944333708161388866e-05
7.052700263478675472e-05
7.162757882446522983e-05
7.274532954168701139e-05
7.388052279551749304e-05
7.503343077731279901e-05
7.620432992598407936e-05
7.739350099428031818e-05
7.860122911610694795e-05
7.982780387489276535e-05
8.107351937302606027e-05
8.233867430237191108e-05
8.362357201589226273e-05
8.492852060038196048e-05
8.625383295033988915e-05
8.759982684299453019e-05
8.896682501449776012e-05
9.035515523731039046e-05
9.176515039879251374e-05
9.319714858102294184e-05
9.465149314186242736e-05
9.612853279728182383e-05
9.762862170497694982e-05
9.915211954928526824e-05
1.006993916274308352e-04
1.022708089371124535e-04
1.038667482654603196e-04
1.054875922793801373e-04
1.071337296173071018e-04
1.088055549823924254e-04
1.105034692371421119e-04
1.122278794995355318e-04
1.139791992406410356e-04
1.157578483837566483e-04
1.175642534050972679e-04
1.193988474360529556e-04
1.212620703670438488e-04
1.231543689529936386e-04
1.250761969204521192e-04
1.270280150763862970e-04
1.290102914186710005e-04
1.310235012483037913e-04
1.330681272833688972e-04
1.351446597747832476e-04
1.372535966238442370e-04
1.393954435016164024e-04
1.415707139701771842e-04
1.437799296057571112e-04
1.460236201238015194e-04
1.483023235059815830e-04
1.506165861291911174e-04
1.529669628965527604e-04
1.553540173704706661e-04
1.577783219077588239e-04
1.602404577968779046e-04
1.627410153973147362e-04
1.652805942811341939e-04
1.678598033767439478e-04
1.704792611148989005e-04
1.731395955769862716e-04
1.758414446456239085e-04
1.785854561576087412e-04
1.813722880592528129e-04
1.842026085641406861e-04
1.870770963133531648e-04
1.899964405381865797e-04
1.929613412254144991e-04
1.959725092851269965e-04
1.990306667211892136e-04
2.021365468043612070e-04
2.052908942481157235e-04
2.084944653872052131e-04
2.117480283590099301e-04
2.150523632877192977e-04
2.184082624713863544e-04
2.218165305719009810e-04
2.252779848079291527e-04
2.287934551508593879e-04
2.323637845238125292e-04
2.359898290037514218e-04
2.396724580267480041e-04
2.434125545964536475e-04
2.472110154958189311e-04
2.510687515021237299e-04
2.549866876053552642e-04
2.589657632300017124e-04
2.630069324603000907e-04
2.671111642690031829e-04
2.712794427497165848e-04
2.755127673528568757e-04
2.798121531252991128e-04
2.841786309537570714e-04
2.886132478119657276e-04
2.931170670117195978e-04
2.976911684578282462e-04
3.023366489070525493e-04
3.070546222310763609e-04
3.118462196835899590e-04
3.167125901715332520e-04
3.216549005305769141e-04
3.266743358049007014e-04
3.317720995313371457e-04
3.369494140279519667e-04
3.422075206871220249e-04
3.475476802731953846e-04
3.529711732247875879e-04
3.584792999618012553e-04
3.640733811972341740e-04
3.697547582538535560e-04
3.755247933858136622e-04
3.813848701052871028e-04
3.873363935142018076e-04
3.933807906411460097e-04
3.995195107835361080e-04
4.057540258551223830e-04
4.120858307389168619e-04
4.185164436456319118e-04
4.250474064777047512e-04
4.316802851990137520e-04
4.384166702103532102e-04
4.452581767307740835e-04
4.522064451848753735e-04
4.592631415961323993e-04
4.664299579863754241e-04
4.737086127814869960e-04
4.811008512234451768e-04
4.886084457887846519e-04
4.962331966135942246e-04
5.039769319251477834e-04
5.118415084802620946e-04
5.198288120105083775e-04
5.279407576743591970e-04
5.361792905163980652e-04
5.445463859336931254e-04
5.530440501494481107e-04
5.616743206940478855e-04
5.704392668936017876e-04
5.793409903661249577e-04
5.883816255254482961e-04
5.975633400930012440e-04
6.068883356175771128e-04
6.163588480032098716e-04
6.259771480452917380e-04
6.357455419750470413e-04
6.456663720125184816e-04
6.557420169281668329e-04
6.659748926132445530e-04
6.763674526590665722e-04
6.869221889453196433e-04
6.976416322375579180e-04
7.085283527940099786e-04
7.195849609818733960e-04
7.308141079032084899e-04
7.422184860306105074e-04
7.538008298528005172e-04
7.655639165302807357e-04
7.775105665612399002e-04
7.896436444578277354e-04
8.019660594330051606e-04
8.144807660980938387e-04
8.271907651712219565e-04
8.400991041968258310e-04
8.532088782763667207e-04
8.665232308104718747e-04
8.800453542526346946e-04
8.937784908746912839e-04
9.077259335442357984e-04
9.218910265141686683e-04
9.362771662245698151e-04
9.508878021170717428e-04
9.657264374619634398e-04
9.807966301981776384e-04
9.961019937864020162e-04
1.011646198075496486e-03
1.027432970182433521e-03
1.043466095385966108e-03
1.059749418034250682e-03
1.076286842466618468e-03
1.093082333949745889e-03
1.110139919628425498e-03
1.127463689491176816e-03
1.145057797350923891e-03
1.162926461840977244e-03
1.181073967426561318e-03
1.199504665432117936e-03
1.218222975084650318e-03
1.237233384573344867e-03
1.256540452125726398e-03
1.276148807100609172e-03
1.296063151098107626e-03
1.316288259086955542e-03
1.336828980549432423e-03
1.357690240644147560e-03
1.378877041386971898e-03
1.400394462850398534e-03
1.422247664381616310e-03
1.444441885839600976e-03
1.466982448851495173e-03
1.489874758088609004e-03
1.513124302562325694e-03
1.536736656940231082e-03
1.560717482882781598e-03
1.585072530400829247e-03
1.609807639234339064e-03
1.634928740252604342e-03
1.660441856876330438e-03
1.686353106521900269e-03
1.712668702068179940e-03
1.739394953346212530e-03
1.766538268652166491e-03
1.794105156283877381e-03
1.822102226101383199e-03
1.850536191111805048e-03
1.879413869078960190e-03
1.908742184158094103e-03
1.938528168556119926e-03
1.968778964217775956e-03
1.999501824538077455e-03
2.030704116101507244e-03
2.062393320448342379e-03
2.094577035868540587e-03
2.127262979223622751e-03
2.160458987796986217e-03
2.194173021173098648e-03
2.228413163145998282e-03
2.263187623657595890e-03
2.298504740766215988e-03
2.334372982645856100e-03
2.370800949616645031e-03
2.407797376206995393e-03
2.445371133247917043e-03
2.483531230000028765e-03
2.522286816313758229e-03
2.561647184823248515e-03
2.601621773174504597e-03
2.642220166288302818e-03
2.683452098658431050e-03
2.725327456685764770e-03
2.767856281048790973e-03
2.811048769111114658e-03
2.854915277366534658e-03
2.899466323922273835e-03
2.944712591020961709e-03
2.990664927601982721e-03
3.037334351902767817e-03
3.084732054100707173e-03
3.132869398996276054e-03
3.181757928738034296e-03
3.231409365590145154e-03
3.281835614743098747e-03
3.333048767168263291e-03
3.385061102517014815e-03
3.437885092065092428e-03
3.491533401702902502e-03
3.546018894972485618e-03
3.601354636151875288e-03
3.657553893387602631e-03
3.714630141876049552e-03
3.772597067094483978e-03
3.831468568082495307e-03
3.891258760774640637e-03
3.951981981385095828e-03
4.013652789845141913e-03
4.076285973294251422e-03
4.139896549625698800e-03
4.204499771087474684e-03
4.270111127939401306e-03
4.336746352167312503e-03
4.404421421255193432e-03
4.473152562016202878e-03
4.542956254483438566e-03
4.613849235861461166e-03
4.685848504539456491e-03
4.758971324167030753e-03
4.833235227793608590e-03
4.908658022072421787e-03
4.985257791530125181e-03
5.063052902902988664e-03
5.142062009540811912e-03
5.222304055879526362e-03
5.303798281983612001e-03
5.386564228159375876e-03
5.470621739640266733e-03
5.555990971345233648e-03
5.642692392711401959e-03
5.730746792602136805e-03
5.820175284291697303e-03
5.910999310527678338e-03
6.003240648672450788e-03
6.096921415924856993e-03
6.192064074623334149e-03
6.288691437631853398e-03
6.386826673809877647e-03
6.486493313567681662e-03
6.587715254508363233e-03
6.690516767157895020e-03
6.794922500784622219e-03
6.900957489309513145e-03
7.008647157308698847e-03
7.118017326109655693e-03
7.229094219982523661e-03
7.341904472428027045e-03
7.456475132563570966e-03
7.572833671608896269e-03
7.691007989473042268e-03
7.811026421444038949e-03
7.932917744983019118e-03
8.056711186624340368e-03
8.182436428983376128e-03
8.310123617873714855e-03
8.439803369535328614e-03
8.571506777975627933e-03
8.705265422425025740e-03
8.841111374908866560e-03
8.979077207937499056e-03
9.119196002316353258e-03
9.261501355077946321e-03
9.406027387537560167e-03
9.552808753474726494e-03
9.701880647442347530e-03
9.853278813205476952e-03
1.000703955231178367e-02
1.016319973279581138e-02
1.032179679801895934e-02
1.048286877564752126e-02
1.064645428677077170e-02
1.081259255516134679e-02
1.098132341668014468e-02
1.115268732882796626e-02
1.132672538044627621e-02
1.150347930156922147e-02
1.168299147342951282e-02
1.186530493862038814e-02
1.205046341141616413e-02
1.223851128825384493e-02
1.242949365837827357e-02
1.262345631465347853e-02
1.282044576454259392e-02
1.302050924125925865e-02
1.322369471509295298e-02
1.343005090491110505e-02
1.363962728984064766e-02
1.385247412113195867e-02
1.406864243420778357e-02
1.428818406090032536e-02
1.451115164187923370e-02
1.473759863927352753e-02
1.496757934949051287e-02
1.520114891623468821e-02
1.543836334372992135e-02
1.567927951014778248e-02
1.592395518124559151e-02
1.617244902421720310e-02
1.642482062175996266e-02
1.668113048636115509e-02
1.694144007480740191e-02
1.720581180292054743e-02
1.747430906052332977e-02
1.774699622663876777e-02
1.802393868492664641e-02
1.830520283936091022e-02
1.859085613015167004e-02
1.888096704991578875e-02
1.917560516009960206e-02
1.947484110765812168e-02
1.977874664199440885e-02
2.008739463216330581e-02
2.040085908434365741e-02
2.071921515958312365e-02
2.104253919182005536e-02
2.137090870618634300e-02
2.170440243759612711e-02
2.204310034962446430e-02
2.238708365368062558e-02
2.273643482848058603e-02
2.309123763982336500e-02
2.345157716067609865e-02
2.381753979157229251e-02
2.418921328132863161e-02
2.456668674808496974e-02
2.495005070067265324e-02
2.533939706031628630e-02
2.573481918267427060e-02
2.613641188022305245e-02
2.654427144499089952e-02
2.695849567164634517e-02
2.737918388094692790e-02
2.780643694355387427e-02
2.824035730421835255e-02
2.868104900634532023e-02
2.912861771694039842e-02
2.958317075194632356e-02
3.004481710197464198e-02
3.051366745843896514e-02
3.098983424009601681e-02
3.147343162000099809e-02
3.196457555288328978e-02
3.246338380294966353e-02
3.296997597212118769e-02
3.348447352871084665e-02
3.400699983654863201e-02
3.453768018456110367e-02
3.507664181681274113e-02
3.562401396301572570e-02
3.617992786951616802e-02
3.674451683076370573e-02
3.731791622127225011e-02
3.790026352807943089e-02
3.849169838371258034e-02
3.909236259966930582e-02
3.970240020042017925e-02
4.032195745794240477e-02
4.095118292679217342e-02
4.159022747972441342e-02
4.223924434386829019e-02
4.289838913746747001e-02
4.356781990719330727e-02
4.424769716604067676e-02
4.493818393181499976e-02
4.563944576621991461e-02
4.635165081455485531e-02
4.707496984603214141e-02
4.780957629472337711e-02
4.855564630114442282e-02
4.931335875448969452e-02
5.008289533552536671e-02
5.086444056015191478e-02
5.165818182364652345e-02
5.246430944559573456e-02
5.328301671552967272e-02
5.411449993926774338e-02
5.495895848598816164e-02
5.581659483603171323e-02
5.668761462945152985e-02
5.757222671532047364e-02
5.847064320180821867e-02
5.938307950703918675e-02
6.030975441074478555e-02
6.125089010672127993e-02
6.220671225610643895e-02
6.317745004148747623e-02
6.416333622185332874e-02
6.516460718840479116e-02
6.618150302123491924e-02
6.721426754689452387e-02
6.826314839685579394e-02
6.932839706688811998e-02
7.041026897736063495e-02
7.150902353448564119e-02
7.262492419251813380e-02
7.375823851692514532e-02
7.490923824854169022e-02
7.607819936872742272e-02
7.726540216554016183e-02
7.847113130094200695e-02
7.969567587905453110e-02
8.093932951547837262e-02
8.220239040769532213e-02
8.348516140656868367e-02
8.478795008895939622e-02
8.611106883147538749e-02
8.745483488537175720e-02
8.881957045262006689e-02
9.020560276316397230e-02
9.161326415338122420e-02
9.304289214576963452e-02
9.449482952987668660e-02
9.596942444449196863e-02
9.746703046112223379e-02
9.898800666876957088e-02
1.005327177600310318e-01
1.021015341185442238e-01
1.036948319077955483e-01
1.053129931613143722e-01
1.069564058742766138e-01
1.086254640965347990e-01
1.103205680271032024e-01
1.120421241101139803e-01
1.137905451322739347e-01
1.155662503218400083e-01
1.173696654491391267e-01
1.192012229286590896e-01
1.210613619227289967e-01
1.229505284468214721e-01
1.248691754764942458e-01
1.268177630560042290e-01
1.287967584086140149e-01
1.308066360486198620e-01
1.328478778951301675e-01
1.349209733876157169e-01
1.370264196032674464e-01
1.391647213761810775e-01
1.413363914184057046e-01
1.435419504428788462e-01
1.457819272882795725e-01
1.480568590458331557e-01
1.503672911880897245e-01
1.527137776997177787e-01
1.550968812103334371e-01
1.575171731294074118e-01
1.599752337832739402e-01
1.624716525542777845e-01
1.650070280220957974e-01
1.675819681072590606e-01
1.701970902169194222e-01
1.728530213928876902e-01
1.755503984619815327e-01
1.782898681887235270e-01
1.810720874304163341e-01
1.838977232946438500e-01
1.867674532992242009e-01
1.896819655346644318e-01
1.926419588291465590e-01
1.956481429160880914e-01
1.987012386043214007e-01
2.018019779509226952e-01
2.049511044367445523e-01
2.081493731446809603e-01
2.113975509407204911e-01
2.146964166578206323e-01
2.180467612826514356e-01
2.214493881452576363e-01
2.249051131116738822e-01
2.284147647795528591e-01
2.319791846768389787e-01
2.355992274635492212e-01
2.392757611366981840e-01
2.430096672384209067e-01
2.468018410673482599e-01
2.506531918932737302e-01
2.545646431751777405e-01
2.585371327826462839e-01
2.625716132207526199e-01
2.666690518584429737e-01
2.708304311604859960e-01
2.750567489230475449e-01
2.793490185129331449e-01
2.837082691105722310e-01
2.881355459567885302e-01
2.926319106034215300e-01
2.971984411678643134e-01
3.018362325915647237e-01
3.065463969025703506e-01
3.113300634821604684e-01
3.161883793356481953e-01
3.211225093674020536e-01
3.261336366601595982e-01
3.312229627587059966e-01
3.363917079579694103e-01
3.416411115956231592e-01
3.469724323492427986e-01
3.523869485381109778e-01
3.578859584297245933e-01
3.634707805510851708e-01
3.691427540048544675e-01
3.749032387904320807e-01
3.807536161300558719e-01
3.866952887999791089e-01
3.927296814668267411e-01
3.988582410291930391e-01
4.050824369645700807e-01
4.114037616816976217e-01
4.178237308783993575e-01
4.243438839050167055e-01
4.309657841335001738e-01
4.376910193322733900e-01
4.445212020469385683e-01
4.514579699869219476e-01
4.585029864181630055e-01
4.656579405619167833e-01
4.729245479997953860e-01
4.803045510851144395e-01
4.877997193606729009e-01
4.954118499830434397e-01
5.031427681534829111e-01
5.109943275555774989e-01
5.189684107997027951e-01
5.270669298744338205e-01
5.352918266049904172e-01
5.436450731188351426e-01
5.521286723185487855e-01
5.607446583620682157e-01
5.694950971504361137e-01
5.783820868231441814e-01
5.874077582612229342e-01
5.965742755981715550e-01
6.058838367388598156e-01
6.153386738865399552e-01
6.249410540780641066e-01
6.346932797274741356e-01
6.445976891780532680e-01
6.546566572630121428e-01
6.648725958749117648e-01
6.752479545439716846e-01
6.857852210254161696e-01
6.964869218959658381e-01
7.073556231596598298e-01
7.183939308631083209e-01
7.296044917203690083e-01
7.409899937475591392e-01
7.525531669073711738e-01
7.642967837636612805e-01
7.762236601462287888e-01
7.883366558259964352e-01
8.006386752006989793e-01
8.131326679912982414e-01
8.258216299492485701e-01
8.387086035747988166e-01
8.517966788465208827e-01
8.650889939621966285e-01
8.785887360912945088e-01
8.922991421391596178e-01
9.062234995231568391e-01
9.203651469609068769e-01
9.347274752708226719e-01
9.493139281851573630e-01
9.641280031757112345e-01
9.791732522924525561e-01
9.944532830152059688e-01
1.009971759118630796e+00
1.025732401550718764e+00
1.041738989324968223e+00
1.057995360426515985e+00
1.074505412732373877e+00
1.091273104946059558e+00
1.108302457546787911e+00
1.125597553753478142e+00
1.143162540503823044e+00
1.161001629448605410e+00
1.179119097961565776e+00
1.197519290164992478e+00
1.216206617971352211e+00
1.235185562141150273e+00
1.254460673357299605e+00
1.274036573316278842e+00
1.293917955836281886e+00
1.314109587982699390e+00
1.334616311211124007e+00
1.355443042528229336e+00
1.376594775670739290e+00
1.398076582302795412e+00
1.419893613232035223e+00
1.442051099644606982e+00
1.464554354359502764e+00
1.487408773102416371e+00
1.510619835799527966e+00
1.534193107891445251e+00
1.558134241667649356e+00
1.582448977621797814e+00
1.607143145828126229e+00
1.632222667339380040e+00
1.657693555606527314e+00
1.683561917920624929e+00
1.709833956877221617e+00
1.736515971863558327e+00
1.763614360569035533e+00
1.791135620519191507e+00
1.819086350633675186e+00
1.847473252808492727e+00
1.876303133522946309e+00
1.905582905471686406e+00
1.935319589222173953e+00
1.965520314898071996e+00
1.996192323888840603e+00
2.027342970586072823e+00
2.058979724146882795e+00
2.091110170284814718e+00
2.123742013088738556e+00
2.156883076870065530e+00
2.190541308038861601e+00
2.224724777009164711e+00
2.259441680134101293e+00
2.294700341671157773e+00
2.330509215778118204e+00
2.366876888540193846e+00
2.403812080028719489e+00
2.441323646392048019e+00
2.479420581978998062e+00
2.518112021495511055e+00
2.557407242194916108e+00
2.597315666102367526e+00
2.637846862274053183e+00
2.679010549091574767e+00
2.720816596592220193e+00
2.763275028835509683e+00
2.806396026306759328e+00
2.850189928358091596e+00
2.894667235687541140e+00
2.939838612856903399e+00
2.985714890848785608e+00
3.032307069663653376e+00
3.079626320957339569e+00
3.127683990719714924e+00
3.176491601995218961e+00
3.226060857645752122e+00
3.276403643156784895e+00
3.327532029487151544e+00
3.379458275963415304e+00
3.432194833219333052e+00
3.485754346181188179e+00
3.540149657099783020e+00
3.595393808629634869e+00
3.651500046956342782e+00
3.708481824972636343e+00
3.766352805504100232e+00
3.825126864585161268e+00
3.884818094786193665e+00
3.945440808592628468e+00
4.007009541836667132e+00
4.069539057182684161e+00
4.133044347666881002e+00
4.197540640292306335e+00
4.263043399679892431e+00
4.329568331776460610e+00
4.397131387620683007e+00
4.465748767167679212e+00
4.535436923173435275e+00
4.606212565139697901e+00
4.678092663320561506e+00
4.751094452791497780e+00
4.825235437581863351e+00
4.900533394872008230e+00
4.977006379255723978e+00
5.054672727069371874e+00
5.133551060788403397e+00
5.213660293492639042e+00
5.295019633401132353e+00
5.377648588477793368e+00
5.461566971108990920e+00
5.546794902853989129e+00
5.633352819269679124e+00
5.721261474810487080e+00
5.810541947804746421e+00
5.901215645508844254e+00
5.993304309240055083e+00
6.086830019589673846e+00
6.181815201717296482e+00
6.278282630727907154e+00
6.376255437132752668e+00
6.475757112395425175e+00
6.576811514564631089e+00
6.679442873994655194e+00
6.783675799155309605e+00
6.889535282532332161e+00
6.997046706620059453e+00
7.106235850007487365e+00
7.217128893559293878e+00
7.329752426693469047e+00
7.444133453756681895e+00
7.560299400499379097e+00
7.678278120651678584e+00
7.798097902602121323e+00
7.919787476180474961e+00
8.043376019546400357e+00
8.168893166185755561e+00
8.296369012015857081e+00
8.425834122601862930e+00
8.557319540485508469e+00
8.690856792628467886e+00
8.826477897971683362e+00
8.964215375112665640e+00
9.104102250102780403e+00
9.246172064365937970e+00
9.390458882741137714e+00
9.536997301650238512e+00
9.685822457393451046e+00
9.836970034574106236e+00
9.990476274654879418e+00
1.014637798464774043e+01
1.030471254593920705e+01
1.046551792325362484e+01
1.062883267375610075e+01
1.079469595629751311e+01
1.096314754080397336e+01
1.113422781781250848e+01
1.130797780815588816e+01
1.148443917279823623e+01
1.166365422282445330e+01
1.184566592958531217e+01
1.203051793500084621e+01
1.221825456202478932e+01
1.240892082527191320e+01
1.260256244181163510e+01
1.279922584212964054e+01
1.299895818126094049e+01
1.320180735009641637e+01
1.340782198686579108e+01
1.361705148880006888e+01
1.382954602397555277e+01
1.404535654334313399e+01
1.426453479294485049e+01
1.448713332632150852e+01
1.471320551711364644e+01
1.494280557185911995e+01
1.517598854299071043e+01
1.541281034203609579e+01
1.565332775302430335e+01
1.589759844610086326e+01
1.614568099135592050e+01
1.639763487286780119e+01
1.665352050296571562e+01
1.691339923671539580e+01
1.717733338663024867e+01
1.744538623761259899e+01
1.771762206212774871e+01
1.799410613561482819e+01
1.827490475213847532e+01
1.856008524028423068e+01
1.884971597930258014e+01
1.914386641550429857e+01
1.944260707891223561e+01
1.974600960017255602e+01
2.005414672772990059e+01
2.036709234527092605e+01
2.068492148943948550e+01
2.100771036782887791e+01
2.133553637725423968e+01
2.166847812231066328e+01
2.200661543422053512e+01
2.235002938997494581e+01
2.269880233177427797e+01
2.305301788677146391e+01
2.341276098712408782e+01
2.377811789035865431e+01
2.414917620005333987e+01
2.452602488684302529e+01
2.490875430975213334e+01
2.529745623786081765e+01
2.569222387230853855e+01
2.609315186864179381e+01
2.650033635950979161e+01
2.691387497771503234e+01
2.733386687962311257e+01
2.776041276893779752e+01
2.819361492084767562e+01
2.863357720654878236e+01
2.908040511815080009e+01
2.953420579397102230e+01
2.999508804422386277e+01
3.046316237711070940e+01
3.093854102531686578e+01
3.142133797292263253e+01
3.191166898273335661e+01
3.240965162403696098e+01
3.291540530079396376e+01
3.342905128026739447e+01
3.395071272210018520e+01
3.448051470784525208e+01
3.501858427095752546e+01
3.556505042725288490e+01
3.612004420584347741e+01
3.668369868055501826e+01
3.725614900183444433e+01
3.783753242915612702e+01
3.842798836393274797e+01
3.902765838294091338e+01
3.963668627226715557e+01
4.025521806178483075e+01
4.088340206016829370e+01
4.152138889045334480e+01
4.216933152615354885e+01
4.282738532793883479e+01
4.349570808088782314e+01
4.417446003232009843e+01
4.486380393022020030e+01
4.556390506226031079e+01
4.627493129543189099e+01
4.699705311629665516e+01
4.773044367186435011e+01
4.847527881110986669e+01
4.923173712713673211e+01
4.999999999999999289e+01
