# te
3.248161747161598445e+00
3.981163594541563100e+00
3.997180039367978388e+00
3.613185701600754918e+00
3.063562204879618722e+00
2.492547082368452127e+00
1.982826748102481051e+00
1.571405777491698297e+00
1.273632893867616467e+00
1.089369018720424576e+00
1.006387640107691217e+00
9.971799288289185936e-01
1.028310962484291879e+00
1.080533170339315729e+00
1.144678717909473953e+00
1.209651739669211468e+00
1.267342667656842448e+00
1.318758563704530706e+00
1.359102243278376143e+00
1.398160366765366369e+00
1.442209570088319737e+00
1.492428131634234489e+00
1.548446912494517491e+00
1.604348451964027200e+00
1.664255999258680951e+00
1.725047256142926866e+00
1.777463864071889166e+00
1.824186757298863260e+00
1.856583866640972413e+00
1.882818184862480315e+00
1.895809191142777017e+00
1.895093307214619438e+00
1.884277211366135019e+00
1.859657885232312458e+00
1.835910553749038998e+00
1.804603063361184700e+00
1.764203360268197240e+00
1.714280645209348419e+00
1.653658034399490662e+00
1.581508763092376535e+00
1.498339687545101828e+00
1.404591795439661839e+00
1.299101550804051763e+00
1.180400855306017238e+00
1.047731390862109091e+00
9.013168728216012227e-01
7.416079540163236228e-01
5.691295707806061088e-01
3.845455695984533184e-01
1.884715517520051398e-01
-1.887191341085818139e-02
-2.375729397038864876e-01
-4.685788039307444142e-01
-7.132064176035368686e-01
-9.731255610043129112e-01
-1.248852628720580338e+00
-1.539936420569350872e+00
-1.845638259212961430e+00
-2.164803479699749289e+00
-2.496424923399830575e+00
-2.840442017782438988e+00
-3.197045693542087008e+00
-3.566419453023037978e+00
-3.948806225371553680e+00
-4.344477283804734746e+00
-4.752977874244779244e+00
-5.173666164527468858e+00
-5.605930035889589824e+00
-6.049350506674425532e+00
-6.503812006936576573e+00
-6.970241761520155954e+00
-7.449610414721839824e+00
-7.941818928402310185e+00
-8.446433988660993819e+00
-8.962928052818941893e+00
-9.489861821865698488e+00
-1.002679373549917585e+01
-1.057357936742729265e+01
-1.113022285836296277e+01
-1.169648504360273122e+01
-1.227189637180264725e+01
-1.285611540371488815e+01
-1.344850356608163544e+01
-1.404879370315756759e+01
-1.465632731482903317e+01
-1.527058904406659678e+01
-1.589104360698499008e+01
-1.651723000320144052e+01
-1.714883579933818680e+01
-1.778533060179335834e+01
-1.842650071210868035e+01
-1.907184018809926940e+01
-1.972114022159025026e+01
-2.037389487039674307e+01
-2.102967247583637089e+01
-2.168804137922675324e+01
-2.234856992188551672e+01
-2.301075216162777792e+01
-2.367408215626865697e+01
-2.433805396362328111e+01
-2.500238449201426860e+01
-2.566627066524673495e+01
-2.632935510814080970e+01
-2.699105759500911716e+01
-2.765072361666177159e+01
-2.830792151441639248e+01
-2.896207106258560771e+01
-2.961251775197953862e+01
-3.025882992391580473e+01
-3.090049518998003109e+01
-3.153675252633239268e+01
-3.216720588041606987e+01
-3.279116206566422420e+01
-3.340807646251504792e+01
-3.401740445140670488e+01
-3.461852712927488085e+01
-3.521082559305524029e+01
-3.579382950668846775e+01
-3.636691996711023478e+01
-3.692947807125623427e+01
-3.748103348306711524e+01
-3.802096729947857767e+01
-3.854866061742627892e+01
-3.906364310085091773e+01
-3.956537013019065085e+01
-4.005322280238115695e+01
-4.052673078136312057e+01
-4.098534944757471266e+01
-4.142845989795160477e+01
-4.185559832797106594e+01
-4.226625277575416817e+01
-4.265999209446106022e+01
-4.303623657024691340e+01
-4.339470362327686104e+01
-4.373473925620357505e+01
-4.405591232218722553e+01
-4.435786595789043929e+01
-4.464016901647340063e+01
-4.490239035109623700e+01
-4.514417309842163206e+01
-4.536501182810723520e+01
-4.556462396031819395e+01
-4.574257834821466417e+01
-4.589836956145432367e+01
-4.603178930370481226e+01
-4.614225786112128702e+01
-4.622949265386890261e+01
-4.629306253510781488e+01
-4.633253635799818682e+01
-4.634762928234777490e+01
-4.633804742653470043e+01
-4.630349464857969366e+01
-4.624382337350848360e+01
-4.615866317583928691e+01
-4.604786648059784682e+01
-4.591113714580487226e+01
-4.574825331298360709e+01
-4.555899312365725962e+01
-4.534320900285156597e+01
-4.510060480858725640e+01
-4.483110724939254510e+01
-4.453434589978567715e+01
-4.421032175179737322e+01
-4.385873866344834227e+01
-4.347952334326682688e+01
-4.307252821627854900e+01
-4.263782855801674287e+01
-4.217527679350713044e+01
-4.168479963127794008e+01
-4.116632377985738600e+01
-4.061985023127621020e+01
-4.004530569406262686e+01
-3.944269116024737087e+01
-3.881215618886616880e+01
-3.815362928820832877e+01
-3.746712044910996298e+01
-3.675271574567078403e+01
-3.601042696848798386e+01
-3.524041447516376735e+01
-3.444283862330034651e+01
-3.361778548699740554e+01
-3.276541542385716355e+01
-3.188596307498431415e+01
-3.097936594747355343e+01
-3.004600724943458090e+01
-2.908597305496711627e+01
-2.809957228867834900e+01
-2.708696530817048398e+01
-2.604846103805071778e+01
-2.498436840292626115e+01
-2.389477347689680897e+01
-2.277998518456956134e+01
-2.164046101755672780e+01
-2.047643561696300551e+01
-1.928836647440058982e+01
-1.807656251447669504e+01
-1.684140694530101356e+01
-1.558320869148075261e+01
-1.430249952813061043e+01
-1.299951395753702954e+01
-1.167485734422590760e+01
-1.032876349639238356e+01
-8.961763356241597478e+00
-7.574313582476186468e+00
-6.166796550296287371e+00
-4.739602063252290165e+00
-3.293342775402081646e+00
-1.828564485651301696e+00
-3.458352779563372281e-01
1.154285677746723193e+00
2.671225840491340264e+00
4.204421583331277468e+00
5.753303336640096077e+00
7.317273303060406242e+00
8.895726256884570304e+00
1.048803468735420275e+01
1.209368250896466002e+01
1.371197535580530946e+01
1.534238228567100748e+01
1.698414950584912120e+01
1.863682035763700640e+01
2.029956676481953437e+01
2.197185778519155619e+01
2.365286534253793960e+01
2.534205849465354277e+01
2.703868344882572927e+01
2.874206069584436207e+01
3.045151072649931123e+01
3.216635403158041839e+01
3.388583681837505424e+01
3.560927957767308527e+01
3.733592851676186797e+01
3.906502984292878011e+01
4.079597833046614852e+01
4.252794590315887291e+01
4.426017876829428843e+01
4.599199741666227226e+01
4.772264805555018086e+01
4.945122832524037193e+01
5.117720728352770720e+01
5.289968257069455859e+01
5.461790039402827546e+01
5.633125552782123435e+01
5.803891989585827815e+01
5.974021398892928403e+01
6.143438401432162266e+01
6.312060189582012271e+01
6.479826240771716073e+01
6.646653747379761512e+01
6.812452576681118899e+01
6.977155293988454332e+01
7.140679711160672127e+01
7.302936211706422398e+01
7.463857464185109336e+01
7.623361280455632993e+01
7.781387757427646079e+01
7.937832421909303093e+01
8.092739367713754461e+01
8.245885268045152827e+01
8.397343930117649791e+01
8.546966310637897379e+01
8.694751933317549231e+01
8.840551754863257372e+01
8.984439582489173404e+01
9.126192089399449969e+01
9.265734515803239901e+01
9.403140668914694800e+01
9.538187221937964466e+01
9.670947982087207606e+01
9.801199622566568337e+01
9.929015950590205364e+01
1.005424792286476787e+02
1.017696934660441030e+02
1.029695689501328246e+02
1.041428437530553737e+02
1.052880274418782847e+02
1.064043724186930717e+02
1.074926167556412508e+02
1.085512700197893423e+02
1.095803274482538825e+02
1.105790414431264139e+02
1.115466644064984081e+02
1.124824487404613933e+02
1.133863896821319486e+02
1.142584824686265392e+02
1.150979795020367504e+02
1.159033903494290314e+02
1.166761959179699204e+02
1.174141629397010007e+02
1.181180294867637031e+02
1.187870479612496268e+02
1.194212136002752516e+02
1.200190359709070975e+02
1.205812531452867375e+02
1.211071175255056573e+02
1.215951386786303630e+02
1.220460546768023988e+02
1.224598607571383013e+02
1.228358093217295703e+02
1.231738968619857104e+02
1.234741248864881555e+02
1.237364961581113363e+02
1.239610134397296406e+02
1.241469366591925052e+02
1.242942685793743181e+02
1.244030119631495097e+02
1.244731695733924823e+02
1.245047441729776381e+02
1.244977385247794217e+02
1.244506697216222335e+02
1.243650261964304917e+02
1.242400678770535762e+02
1.240757975263659176e+02
1.238722179072419607e+02
1.236293317825560933e+02
1.233478847502077116e+02
1.230271367380462380e+02
1.226670905089461030e+02
1.222684916608067311e+02
1.218313429565024961e+02
1.213549043238828062e+02
1.208399213608471143e+02
1.202871396652948022e+02
1.196958191650753065e+02
1.190667054580880091e+02
1.183990584721823467e+02
1.176936238052577437e+02
1.169518898902386042e+02
1.161723738199493141e+02
1.153558211922893122e+02
1.145022347701330148e+02
1.136131029864048116e+02
1.126876857689540969e+02
1.117267287156803803e+02
1.107302345894579645e+02
1.096996918232113103e+02
1.086343603447898545e+02
1.075357285871179727e+02
1.064037993130700812e+02
1.052385752855205823e+02
1.040400592673439348e+02
1.028097396914645287e+02
1.015468764857317439e+02
1.002522152480450330e+02
9.892575874127879842e+01
9.756825256333246443e+01
9.617969947708040479e+01
9.476233075047207421e+01
9.331540631135686681e+01
9.184041650966055670e+01
9.033811652828926242e+01
8.880852063212550718e+01
8.725387159112676727e+01
8.567344083515054365e+01
8.406798546410432493e+01
8.243826257789562817e+01
8.078502927643191356e+01
7.910829982459570431e+01
7.740957415731946867e+01
7.568782657045072426e+01
7.394492841643445047e+01
7.218148822817315136e+01
7.039818882207181616e+01
6.859586158154044710e+01
6.677533788998901798e+01
6.493730056382254645e+01
6.308265526995351280e+01
6.121215910828940565e+01
5.932649489523524267e+01
5.742656829770349702e+01
5.551306213209916507e+01
5.358680778183225613e+01
5.164863663031274399e+01
4.969915721044313983e+01
4.773927518913593815e+01
4.576967338279611397e+01
4.379110889133117723e+01
4.180441309815112305e+01
3.981034310316344005e+01
3.780958172277312457e+01
3.580296034039016462e+01
3.379131033942456241e+01
3.177553738678880890e+01
2.975639858239040336e+01
2.773487387664433257e+01
2.571172036945809580e+01
2.368784372774418756e+01
2.166407533491259940e+01
1.964124657437332644e+01
1.762018882953636023e+01
1.560173348381169944e+01
1.358663763710683625e+01
1.157565838932926816e+01
9.569701407391484338e+00
7.569516362850731817e+00
5.575919782416505655e+00
3.589676194346546723e+00
1.611587268649852245e+00
-3.575646383752342783e-01
-2.317002074118648558e+00
-4.265931544642245221e+00
-6.203586744746907300e+00
-8.129153827791919085e+00
-1.004186351723806681e+01
-1.194101339169838027e+01
-1.382570046432914879e+01
-1.569517031529165152e+01
-1.754866852474717831e+01
-1.938536638935450895e+01
-2.120473233978242789e+01
-2.300593767268971845e+01
-2.478845081874516509e+01
-2.655151735811005409e+01
-2.829453143795067405e+01
-3.001688720543329580e+01
-3.171775595721672047e+01
-3.339660612396971828e+01
-3.505268328585356841e+01
-3.668538159003457366e+01
-3.829402090017650551e+01
-3.987784679644065022e+01
-4.143625342599330708e+01
-4.296863493600073269e+01
-4.447438547362922634e+01
-4.595319632005507060e+01
-4.740453590594705702e+01
-4.882794694547644809e+01
-5.022304643631705545e+01
-5.158922852563513572e+01
-5.292618449460699992e+01
-5.423345705740391764e+01
-5.551044036119216685e+01
-5.675682568714804432e+01
-5.797200718243783513e+01
-5.915560184473530825e+01
-6.030715238821176882e+01
-6.142620152703848646e+01
-6.251229197538673077e+01
-6.356518929793532635e+01
-6.458451049235800667e+01
-6.556994683983110406e+01
-6.652104105452588101e+01
-6.743755870112111950e+01
-6.831919106079310211e+01
-6.916562941471812564e+01
-6.997686217808247022e+01
-7.075265491556488939e+01
-7.149284747534672135e+01
-7.219735398911171842e+01
-7.286601508030338437e+01
-7.349860018991164168e+01
-7.409495381769113465e+01
-7.465484617989399396e+01
-7.517812177627486392e+01
-7.566455082308587521e+01
-7.611397782008165791e+01
-7.652609870001188597e+01
-7.690098081313867340e+01
-7.723869150972414843e+01
-7.753848102150297450e+01
-7.780257092030976196e+01
-7.802946860285416619e+01
-7.821990997092082409e+01
-7.837388809126939293e+01
-7.849213886568448117e+01
-7.857391252590072384e+01
-7.861994497370277202e+01
-7.863022927585028299e+01
-7.860475849910287138e+01
-7.854278287519518642e+01
-7.844578114093684462e+01
-7.831226069303752979e+01
-7.814444310333183807e+01
-7.794083576852942485e+01
-7.770217459041492702e+01
-7.742919547077296727e+01
-7.712189147636321707e+01
-7.678129564298029663e+01
-7.640680676936382554e+01
-7.599916075729848330e+01
-7.555864780755388210e+01
-7.508563240440216191e+01
-7.458047903211544849e+01
-7.404347789146342507e+01
-7.347506775022067416e+01
-7.287553880915689319e+01
-7.224540411954916408e+01
-7.158517673267463977e+01
-7.089529541630798803e+01
-7.017634750522883280e+01
-6.942869748370929983e+01
-6.865300697003154085e+01
-6.784956616496516801e+01
-6.701911097029484665e+01
-6.616200587029273095e+01
-6.527883819973840218e+01
-6.437019529341156954e+01
-6.343659020258931491e+01
-6.247846169504630609e+01
-6.149647398833316458e+01
-6.049130169707441951e+01
-5.946347346815814205e+01
-5.841388936598485060e+01
-5.734315232094508019e+01
-5.625193954693190790e+01
-5.514092825783832552e+01
-5.401086995105988819e+01
-5.286244184048964456e+01
-5.169639542352311423e+01
-5.051333363055086778e+01
-4.931400795896840350e+01
-4.809916990617129073e+01
-4.686942240255005743e+01
-4.562551694550023740e+01
-4.436827931591987806e+01
-4.309831244419952156e+01
-4.181644211123718691e+01
-4.052341981442843633e+01
-3.921992276766629715e+01
-3.790677675184880968e+01
-3.658465898086900836e+01
-3.525432095212243411e+01
-3.391658844650712723e+01
-3.257213867791612927e+01
-3.122172314374497759e+01
-2.986609334138920957e+01
-2.850607505174686551e+01
-2.714227120520848047e+01
-2.577565614967709351e+01
-2.440690709904574263e+01
-2.303699840121747755e+01
-2.166653298658282623e+01
-2.029648520304482417e+01
-1.892753226449652004e+01
-1.756064851884094580e+01
-1.619643689646864715e+01
-1.483572317827765374e+01
-1.347933314516601300e+01
-1.212794401102675934e+01
-1.078230727325542837e+01
-9.443248712750067497e+00
-8.111467828454456352e+00
-6.787708689413889829e+00
-5.472663366221902415e+00
-4.167031357822287063e+00
-2.871527019859329677e+00
-1.586834994576320046e+00
-3.136792944728714061e-01
9.472472670224519886e-01
2.195214280456025069e+00
3.429485062268823548e+00
4.649318760452886501e+00
5.853989379700754725e+00
7.042748639654217158e+00
8.214855688305309656e+00
9.369643957148579005e+00
1.050634288077505651e+01
1.162441217263353721e+01
1.272316297916780847e+01
1.380190644682165946e+01
1.486017657254637925e+01
1.589713593578075823e+01
1.691224424997358611e+01
1.790496122857365080e+01
1.887474658502974378e+01
1.982091146578565244e+01
2.074298986779266585e+01
2.164044150449957371e+01
2.251272608935516928e+01
2.335922905230573576e+01
2.417963295730756101e+01
2.497332323430694601e+01
2.573998244726016793e+01
2.647921887662102236e+01
2.719056651934080193e+01
2.787355937237078862e+01
2.852773143266227152e+01
2.915283954767404850e+01
2.974841771435740156e+01
3.031399992966362333e+01
3.084919447404649517e+01
3.135368391146231914e+01
3.182700223886238078e+01
3.226883202020296437e+01
3.267878153593785839e+01
3.305668191702836367e+01
3.340221572743075740e+01
3.371513981460384457e+01
3.399513674250388817e+01
3.424203764209219969e+01
3.445545079382256404e+01
3.463528161215877077e+01
3.478136122806210295e+01
3.489352077249385076e+01
3.497159137641530435e+01
3.501532988728526163e+01
3.502471600307000443e+01
3.499950657122832354e+01
3.493968128972650788e+01
3.484522042200953251e+01
3.471618077693963045e+01
3.455239687835020135e+01
3.435392610058215723e+01
3.412075153447390363e+01
3.385293055436636678e+01
3.355037196759544571e+01
3.321320743200454473e+01
3.284156860543708945e+01
3.243543857873147829e+01
3.199487472622862683e+01
3.151993442226945064e+01
3.101074932469734691e+01
3.046752537485823709e+01
2.989046851409802841e+01
2.927993325076763753e+01
2.863605124271046520e+01
2.795917699827741743e+01
2.724951645881441920e+01
2.650734984916987003e+01
2.573288311068968426e+01
2.492647075172477145e+01
2.408839299712355242e+01
2.321885578823192020e+01
2.231813934989829207e+01
2.138659819047358113e+01
2.042443825130369817e+01
1.943201404073954919e+01
1.840982863413704607e+01
1.735823653984710191e+01
1.627759226622062272e+01
1.516839888861352392e+01
1.403093663187421392e+01
1.286570857135860280e+01
1.167318806902159878e+01
1.045382620176736488e+01
9.208118616601561612e+00
7.936560960529849496e+00
6.639626595507138518e+00
5.317809682869038213e+00
3.971610326631358046e+00
2.601594000292111630e+00
1.208332120029507406e+00
-2.075905269477930082e-01
-1.645604010131630712e+00
-3.105138399013844808e+00
-4.585542051233525207e+00
-6.086371318236760253e+00
-7.606825990657640091e+00
-9.146402993140254623e+00
-1.070437339089662565e+01
-1.228007049694299546e+01
-1.387289889887355088e+01
-1.548218890077995624e+01
-1.710727080675389900e+01
-1.874732635388204827e+01
-2.040183441326109204e+01
-2.206990243847520361e+01
-2.375093501711855737e+01
-2.544418816978033249e+01
-2.714891791704971524e+01
-2.886445456301836643e+01
-3.058997984477297294e+01
-3.232474978290270684e+01
-3.406809468149926801e+01
-3.581927056115179653e+01
-3.757745915894700062e+01
-3.934191649547404523e+01
-4.111197287482461604e+01
-4.288681003408537151e+01
-4.466568399384550503e+01
-4.644792505819670225e+01
-4.823264068072310806e+01
-5.001923544901894303e+01
-5.180681681666835914e+01
-5.359464080426052845e+01
-5.538203771588714375e+01
-5.716804072162987183e+01
-5.895190584207789186e+01
-6.073288909782040434e+01
-6.251002365893904766e+01
-6.428263982952552169e+01
-6.604984506316401394e+01
-6.781104394744868102e+01
-6.956549250296870923e+01
-7.131207533280077371e+01
-7.305093985956405334e+01
-7.478134210384772018e+01
-7.650179525121596669e+01
-7.821155532225796492e+01
-7.991062117258788078e+01
-8.159824882279490055e+01
-8.327369429346821050e+01
-8.493547077017196045e+01
-8.658357710852035893e+01
-8.821652649407756996e+01
-8.983431778245778787e+01
-9.143546415922514825e+01
-9.301996447999385964e+01
-9.458707476535310832e+01
-9.613604802163696661e+01
-9.766612519815930682e+01
-9.917728706500385272e+01
-1.006672858871793608e+02
-1.021368452697946054e+02
-1.035844603128833370e+02
-1.050101117865293077e+02
-1.064137804608162696e+02
-1.077932186007529936e+02
-1.091491498114482255e+02
-1.104808120279607238e+02
-1.117867003503242813e+02
-1.130667955486225793e+02
-1.143203355579144329e+02
-1.155473011482836085e+02
-1.167469302547887793e+02
-1.179177179774637949e+02
-1.190596450863923650e+02
-1.201719495166332621e+02
-1.212553548732952606e+02
-1.223083562564120683e+02
-1.233309344360674800e+02
-1.243230701823452335e+02
-1.252840014303041158e+02
-1.262129661150028284e+02
-1.271106878415501882e+02
-1.279756617099799030e+02
-1.288086113254007898e+02
-1.296072889528215342e+02
-1.303731610323759469e+02
-1.311054654991227153e+02
-1.318026974530957034e+02
-1.324655804994035861e+02
-1.330926097380801423e+02
-1.336852516092591259e+02
-1.342420012129743156e+02
-1.347628393193094496e+02
-1.352477466983482657e+02
-1.356959612851495649e+02
-1.361067210147720346e+02
-1.364814923273495140e+02
-1.368195131579407189e+02
-1.371200214416044219e+02
-1.373829979484243040e+02
-1.376084234484842455e+02
-1.377970215468929496e+02
-1.379472873436841382e+02
-1.380599444439666001e+02
-1.381349736178241017e+02
-1.381723556353403524e+02
-1.381713277278739724e+02
-1.381318671470076822e+02
-1.380554361106740373e+02
-1.379405254967055896e+02
-1.377878546880098725e+02
-1.375974002324694538e+02
-1.373691386779668733e+02
-1.371045322424346864e+02
-1.368020718037054735e+02
-1.364624767446867679e+02
-1.360857236132611092e+02
-1.356717889573110654e+02
-1.352213921597441697e+02
-1.347330240983929741e+02
-1.342081469911900342e+02
-1.336459945509929241e+02
-1.330465433256841834e+02
-1.324097698631463231e+02
-1.317371363813119558e+02
-1.310286194280635641e+02
-1.302841955512838013e+02
-1.295038412988550931e+02
-1.286890188887101090e+02
-1.278397048687313173e+02
-1.269558757868013146e+02
-1.260389938608526421e+02
-1.250882928037428314e+02
-1.241052348334044382e+02
-1.230890536626950507e+02
-1.220419543445721757e+02
-1.209631705918933875e+02
-1.198534217875662335e+02
-1.187119416444482596e+02
-1.175401923804720354e+02
-1.163374077084950926e+02
-1.151035641763999706e+02
-1.138401240021192535e+02
-1.125455780634854932e+02
-1.112221314134562107e+02
-1.098690177648889801e+02
-1.084891850057663163e+02
-1.070818668489458503e+02
-1.056485255123600382e+02
-1.041898803789164987e+02
-1.027073936665477589e+02
-1.012002990881113647e+02
-9.967005886153988570e+01
-9.811664953471586159e+01
-9.654079049054682571e+01
-9.494171544189036638e+01
-9.332163217362162300e+01
-9.167978805818624721e+01
-9.001691886999749670e+01
-8.833450321849359455e+01
-8.663179120803782496e+01
-8.491100428309343329e+01
-8.317064971299866727e+01
-8.141369177724178030e+01
-7.963938058018599975e+01
-7.784845189624462591e+01
-7.604253290186088066e+01
-7.422228508794552226e+01
-7.238866707941932077e+01
-7.054256321770048999e+01
-6.868485784420731477e+01
-6.681643530035803735e+01
-6.493780851005840304e+01
-6.304919326320418804e+01
-6.115102820019863117e+01
-5.924375196144496414e+01
-5.732772890384396902e+01
-5.540324910079388587e+01
-5.347082547620046711e+01
-5.153149093848698215e+01
-4.958642696308165654e+01
-4.763681502541275137e+01
-4.568383660090852771e+01
-4.372852459799223368e+01
-4.177213477559462262e+01
-3.981570004213894975e+01
-3.785958475452595451e+01
-3.590430183666140351e+01
-3.395006707844104454e+01
-3.199724483676563125e+01
-3.004627375203842021e+01
-2.809736961415515566e+01
-2.615111963052409294e+01
-2.420825957555848618e+01
-2.226989664118408641e+01
-2.033691516881914296e+01
-1.841042235038941755e+01
-1.649130252731315593e+01
-1.458058860801361156e+01
-1.267923921741154025e+01
-1.078776727941268909e+01
-8.906886283379563451e+00
-7.037057154766168665e+00
-5.178881957681253034e+00
-3.332912243451870982e+00
-1.499715905775625080e+00
3.201562321373974673e-01
2.126174087585567918e+00
3.917809791654273788e+00
5.694535475428898152e+00
7.455823269994832359e+00
9.201182448188708562e+00
1.093007771274566764e+01
1.264189948289834398e+01
1.433581532737187381e+01
1.601099281489139159e+01
1.766652523067953240e+01
1.930150585995894374e+01
2.091510227145474943e+01
2.250633346688709580e+01
2.407451558198611252e+01
2.561926188649193747e+01
2.714055706765720899e+01
2.863801439522205783e+01
3.011161855643913299e+01
3.156105710455105395e+01
3.298624044330798455e+01
3.438693040945502588e+01
3.576251742222483898e+01
3.711254046785504812e+01
3.843631568207579363e+01
3.973338205112472821e+01
4.100298142722945727e+01
4.224472708013014000e+01
4.345793514555690251e+01
4.464214460974739040e+01
4.579682017543673567e+01
4.692150082886256968e+01
4.801557698925754636e+01
4.907866192636177516e+01
5.011014605940790290e+01
5.110964265813608165e+01
5.207698784279391901e+01
5.301209201713160013e+01
5.391501415190420232e+01
5.478551608385689775e+01
5.562365678374481348e+01
5.642927237181558553e+01
5.720234753532186289e+01
5.794271839451125317e+01
5.865014678612893562e+01
5.932461739742751661e+01
5.996589206515211856e+01
6.057380690955041302e+01
6.114827233437250698e+01
6.168905017636357258e+01
6.219604961590783887e+01
6.266917493992603028e+01
6.310818064496797319e+01
6.351304407809102770e+01
6.388359401934754089e+01
6.421965924878982435e+01
6.452114282997273165e+01
6.478809639345610094e+01
6.502049728629728520e+01
6.521839713905609415e+01
6.538184758229239435e+01
6.551090024656602395e+01
6.560560676243680689e+01
6.566594447696209613e+01
6.569203930420421500e+01
6.568401715822552944e+01
6.564185538608333559e+01
6.556582846884502658e+01
6.545591375356788433e+01
6.531223715431430321e+01
6.513492458514660655e+01
6.492432481063460159e+01
6.468063802834316789e+01
6.440421300284212691e+01
6.409532421519882917e+01
6.375439471348560261e+01
6.338162469526727705e+01
6.297736292511372369e+01
6.254188388409224331e+01
6.207538776976769412e+01
6.157814906320743376e+01
6.105036796197627780e+01
6.049239323064407614e+01
5.990435078327315921e+01
5.928658938443336979e+01
5.863938351519206549e+01
5.796315622362156006e+01
5.725818199078920401e+01
5.652488386476732529e+01
5.576361061012578091e+01
5.497463670793191426e+01
5.415838520625804620e+01
5.331527915317651889e+01
5.244581588026217389e+01
5.155034415208486109e+01
5.062936130021941494e+01
4.968336465624066989e+01
4.871277726822096810e+01
4.771794790073014525e+01
4.669952245234805588e+01
4.565777747041874335e+01
4.459329490140320473e+01
4.350643590753163892e+01
4.239778450154174294e+01
4.126777612916622928e+01
4.011692051964030270e+01
3.894572740219916085e+01
3.775492935658552085e+01
3.654518467903958623e+01
3.531707738229903981e+01
3.407119147910161416e+01
3.280825954918999088e+01
3.152893988880439835e+01
3.023366794367752775e+01
2.892302772654707965e+01
2.759760325015076532e+01
2.625797852722628889e+01
2.490466328700885512e+01
2.353824154223616816e+01
2.215922302214342920e+01
2.076826602297084889e+01
1.936602884095862720e+01
1.795302120534197243e+01
1.652990141236108812e+01
1.509740204175867717e+01
1.365595853926744674e+01
1.220637776813259912e+01
1.074909517408684323e+01
9.284798766771377387e+00
7.814042845522913616e+00
6.337411423079151618e+00
4.855495940528047782e+00
3.368887838957555836e+00
1.878155531569856596e+00
3.838406895062286273e-01
-1.113526901452447371e+00
-2.613429340885692120e+00
-4.115342042857800919e+00
-5.618740421433068732e+00
-7.123040463873790529e+00
-8.627821581147763652e+00
-1.013235119351228164e+01
-1.163604528822964035e+01
-1.313817128555713154e+01
-1.463821945625955578e+01
-1.613545722059420839e+01
-1.762930056582338167e+01
-1.911909119570687210e+01
-2.060402224699947382e+01
-2.208350970696348270e+01
-2.355681730023379927e+01
-2.502319396895573078e+01
-2.648188495965218436e+01
-2.793220980234858075e+01
-2.937348802707033713e+01
-3.080526201435035105e+01
-3.222722271172654729e+01
-3.363913535023934287e+01
-3.504054231042163536e+01
-3.643113453981133887e+01
-3.781052870244387520e+01
-3.917849002935965785e+01
-4.053456090109159504e+01
-4.187813513116758912e+01
-4.320882938362306902e+01
-4.452618603899094296e+01
-4.582974747780411917e+01
-4.711898179709300649e+01
-4.839343137739053446e+01
-4.965234146521959957e+01
-5.089503159060561899e+01
-5.212082128357400990e+01
-5.332888150714517650e+01
-5.451860607484704246e+01
-5.568916594970001199e+01
-5.683995494523200165e+01
-5.797103542649341534e+01
-5.908232119152966533e+01
-6.017387460539119814e+01
-6.124575803312837508e+01
-6.229810812329413494e+01
-6.333083867393388999e+01
-6.434401205009807256e+01
-6.533702206531454237e+01
-6.630918824960876634e+01
-6.725990441650863261e+01
-6.818849009603955835e+01
-6.909433910172944593e+01
-6.997684524710621190e+01
-7.083532806219527345e+01
-7.166970134504204282e+01
-7.247987889369194647e+01
-7.326555165568287009e+01
-7.402730198058274880e+01
-7.476437511491447196e+01
-7.547750197525098770e+01
-7.616592780811517116e+01
-7.682964069505494820e+01
-7.746788588259323660e+01
-7.808213712232793569e+01
-7.867163827404375809e+01
-7.923562765057245372e+01
-7.977408501303260380e+01
-8.028699012254276113e+01
-8.077506557524644393e+01
-8.123754829723723958e+01
-8.167367521460869284e+01
-8.208491175852935839e+01
-8.246975202006778716e+01
-8.282817576034254614e+01
-8.316164841052217582e+01
-8.346792122665023328e+01
-8.374920247492028125e+01
-8.400398624640085643e+01
-8.423225230221051163e+01
-8.443546607351781574e+01
-8.461212165139134811e+01
-8.476294163197459852e+01
-8.488790577638617663e+01
-8.498699384574460680e+01
-8.506018560116845606e+01
-8.510820363880127104e+01
-8.513028488473661071e+01
-8.512715193511803591e+01
-8.509878455106407102e+01
-8.504441965866833186e+01
-8.496552268909928785e+01
-8.486207340347556283e+01
-8.473330872789067314e+01
-8.458069409351320189e+01
-8.440272359141165737e+01
-8.420086265275465109e+01
-8.397509103866070745e+01
-8.372538851024837925e+01
-8.345247766366121311e+01
-8.315485258996777418e+01
-8.283472155536162518e+01
-8.249132148593631086e+01
-8.212463214281036983e+01
-8.173537612212739134e+01
-8.132427602003089362e+01
-8.089056876261444984e+01
-8.043571978104661468e+01
-7.995896600142094712e+01
-7.946177285490597342e+01
-7.894337726759528095e+01
-7.840450183563241637e+01
-7.784586915516091210e+01
-7.726745898729934936e+01
-7.666999392819126058e+01
-7.605271266026223032e+01
-7.541708939634089859e+01
-7.476237160051290687e+01
-7.408988667493395042e+01
-7.339977348571964910e+01
-7.269231946599069261e+01
-7.196796061587272675e+01
-7.122713293549141156e+01
-7.047019814146987926e+01
-6.969759223393384673e+01
-6.890975121300893136e+01
-6.810696251181578020e+01
-6.728988498098759408e+01
-6.645873177014250643e+01
-6.561401316290866248e+01
-6.475623944291425005e+01
-6.388569804327992330e+01
-6.300282496413132804e+01
-6.210820477259913019e+01
-6.120205061830149162e+01
-6.028494706836905692e+01
-5.935725583942499384e+01
-5.841941293159496240e+01
-5.747185434500462264e+01
-5.651501607977964170e+01
-5.554948270305064995e+01
-5.457569021494333583e+01
-5.359422318258834395e+01
-5.260544332260883493e+01
-5.160993520213547470e+01
-5.060820910479640844e+01
-4.960062674721480391e+01
-4.858769841301882053e+01
-4.756986010233411122e+01
-4.654754781528635021e+01
-4.552112326849867685e+01
-4.449117102910174992e+01
-4.345805281371874429e+01
-4.242220462247531287e+01
-4.138413673899960799e+01
-4.034435944691979614e+01
-3.930330874636152316e+01
-3.826142063745047039e+01
-3.721920540381477593e+01
-3.617709904558009981e+01
-3.513561184637461565e+01
-3.409510552282146989e+01
-3.305601607504632966e+01
-3.201885378667734727e+01
-3.098398037433767982e+01
-2.995183505878928187e+01
-2.892294422684175004e+01
-2.789768891893599090e+01
-2.687652445901538201e+01
-2.585990617102332223e+01
-2.484836366240570982e+01
-2.384220369010092710e+01
-2.284203014505737883e+01
-2.184822406771595027e+01
-2.086116649851753380e+01
-1.988131276140552828e+01
-1.890896961331832671e+01
-1.794459237819931374e+01
-1.698863637999188825e+01
-1.604140837563444677e+01
-1.510336368907037574e+01
-1.417480907723807171e+01
-1.325619986408092821e+01
-1.234784280653733646e+01
-1.145011894504819061e+01
-1.056348360355688243e+01
-9.688169255499307297e+00
-8.824631224818856978e+00
-7.973213410205174156e+00
-7.134185426845401246e+00
-6.307891173429183596e+00
-5.494629978544661952e+00
-4.694738312531231195e+00
-3.908522932327283872e+00
-3.136305451571712144e+00
-2.378377770502410282e+00
-1.635009504306520256e+00
-9.065007244072113002e-01
-1.931255030017754171e-01
5.048272310119937822e-01
1.187075977086553324e+00
1.853350377199735055e+00
2.503432814616145752e+00
3.137098244250143164e+00
3.754143906066832681e+00
4.354359611681073439e+00
4.937527744357470993e+00
5.503452972411381872e+00
6.051917679107413406e+00
6.582756246161923563e+00
7.095810483641517230e+00
7.590914773262553261e+00
8.067925781792137485e+00
8.526596179093877126e+00
8.966916342239379389e+00
9.388577945621054965e+00
9.791637806467031524e+00
1.017585403932623755e+01
1.054120760925510858e+01
1.088753091430507070e+01
1.121480491953255765e+01
1.152293630649149669e+01
1.181175747323332281e+01
1.208132366831696558e+01
1.233146728979385642e+01
1.256231786972542608e+01
1.277378208966560358e+01
1.296576663116832329e+01
1.313825245929001184e+01
1.329129482258960415e+01
1.342480040262102747e+01
1.353882444794321671e+01
1.363334792361260028e+01
1.370827751118310722e+01
1.376381702621867476e+01
1.379972458326822604e+01
1.381620399789569653e+01
1.381331051866001758e+01
1.379102511061761582e+01
1.374962587283492788e+01
1.368909377036838215e+01
1.360948405177690645e+01
1.351107481612693739e+01
1.339384702847490161e+01
1.325793022088223161e+01
1.310337964190785875e+01
1.293047339061821255e+01
1.273911814856722202e+01
1.252959201482132556e+01
1.230187595443694626e+01
1.205617378297801778e+01
1.179261503250597265e+01
1.151140351858473920e+01
1.121266877327574996e+01
1.089661461214293325e+01
1.056344485075022455e+01
1.021336330466155218e+01
9.846499505938346886e+00
9.462982986642037631e+00
9.063151272641061240e+00
8.647156181047591872e+00
8.215208955775812782e+00
7.767513412389658534e+00
7.304273366453054805e+00
6.825722346930936268e+00
6.332125014973953192e+00
5.823781420272649889e+00
5.300993031302286163e+00
4.764046459837631531e+00
4.213258031054444963e+00
3.648914356727491981e+00
3.071311705486862387e+00
2.480751694374824012e+00
1.877530889155475613e+00
1.261949718335047654e+00
6.342998449664718486e-01
-5.118748145037665259e-03
-6.560120208744655290e-01
-1.318063648046049474e+00
-1.990957304484024748e+00
-2.674339523261377582e+00
-3.367886550852094096e+00
-4.071252348679411881e+00
-4.784090878166565197e+00
-5.506100670838289801e+00
-6.236861404615324567e+00
-6.976160751225402912e+00
-7.723489248386260719e+00
-8.478634567825638513e+00
-9.241161530763767118e+00
-1.001078352542588767e+01
-1.078713965653473039e+01
-1.156979474531053498e+01
-1.235853646348103929e+01
-1.315292963226647771e+01
-1.395268763989208516e+01
-1.475737530757809779e+01
-1.556670602354975408e+01
-1.638024460902729018e+01
-1.719770445223593569e+01
-1.801872465789843503e+01
-1.884294433073752373e+01
-1.966992829197343085e+01
-2.049931564632889902e+01
-2.133081978202916318e+01
-2.216400552029445947e+01
-2.299858624935002283e+01
-2.383405250691359001e+01
-2.467026624821539826e+01
-2.550671801097318081e+01
-2.634312118341217612e+01
-2.717911487025511619e+01
-2.801433817622474365e+01
-2.884850448954629698e+01
-2.968117863144000168e+01
-3.051214533330358236e+01
-3.134088043120466693e+01
-3.216722823839335632e+01
-3.299066165060727940e+01
-3.381095069759404481e+01
-3.462764255859375595e+01
-3.544043297985152208e+01
-3.624901770761246667e+01
-3.705301820461919249e+01
-3.785198165011180294e+01
-3.864575235734042735e+01
-3.943387750554516202e+01
-4.021597855746862393e+01
-4.099189982636092822e+01
-4.176111420795967177e+01
-4.252346601551498395e+01
-4.327865099527197401e+01
-4.402629060997323052e+01
-4.476608060586389115e+01
-4.549779101269155746e+01
-4.622104329319883931e+01
-4.693560747713334536e+01
-4.764117931074018486e+01
-4.833745454026448130e+01
-4.902412891195133682e+01
-4.970097245554836007e+01
-5.036775520080317392e+01
-5.102409861045837403e+01
-5.166977271426157614e+01
-5.230462182546290961e+01
-5.292834169030746239e+01
-5.354070233854285732e+01
-5.414147379991668174e+01
-5.473035182067408755e+01
-5.530710643056265496e+01
-5.587165622633501272e+01
-5.642369695423626297e+01
-5.696307292751653506e+01
-5.748947989242090273e+01
-5.800283644570200181e+01
-5.850291261710744095e+01
-5.898940415288232231e+01
-5.946230393328177399e+01
-5.992130770455090527e+01
-6.036625977993980996e+01
-6.079700447269860319e+01
-6.121338609607740722e+01
-6.161517467982383778e+01
-6.200221453718798870e+01
-6.237457283192748037e+01
-6.273209227187192027e+01
-6.307460914316888534e+01
-6.340210669355047912e+01
-6.371449388724625607e+01
-6.401160540498331386e+01
-6.429342449449374897e+01
-6.455986012000713004e+01
-6.481074696225051923e+01
-6.504614255245853371e+01
-6.526580728785573626e+01
-6.546972441617423044e+01
-6.565787718514606297e+01
-6.583010027549835286e+01
-6.598645121846566042e+01
-6.612691326178007500e+01
-6.625139536967118659e+01
-6.635988078987105609e+01
-6.645235277011180131e+01
-6.652879455812546894e+01
-6.658926368514664773e+01
-6.663374339890745546e+01
-6.666221694713992463e+01
-6.667474186107865819e+01
-6.667137567195827330e+01
-6.665210162751078826e+01
-6.661690297546833506e+01
-6.656591153056797339e+01
-6.649911054054180681e+01
-6.641655753662438144e+01
-6.631816148304532987e+01
-6.620412847804418277e+01
-6.607436748585054431e+01
-6.592893603769901745e+01
-6.576796594832666187e+01
-6.559158903247055150e+01
-6.540001138837030226e+01
-6.519321626375797507e+01
-6.497148404037565683e+01
-6.473487224945790786e+01
-6.448351270574184468e+01
-6.421761150746702640e+01
-6.393715190236555657e+01
-6.364233998867700848e+01
-6.333323329763596377e+01
-6.301003792748199572e+01
-6.267273712594719370e+01
-6.232161127477365881e+01
-6.195664362169344486e+01
-6.157818883195114523e+01
-6.118637872028384095e+01
-6.078142033329785932e+01
-6.036337594406138152e+01
-5.993260590801939713e+01
-5.948924773010931943e+01
-5.903343891526861142e+01
-5.856539125193721418e+01
-5.808539081205758237e+01
-5.759350081706465119e+01
-5.709000733890085399e+01
-5.657512216600616028e+01
-5.604898280331801885e+01
-5.551194960628135533e+01
-5.496408579633112623e+01
-5.440590029591727728e+01
-5.383745632647475787e+01
-5.325911424344850786e+01
-5.267108583527847543e+01
-5.207373145740961462e+01
-5.146711433127685353e+01
-5.085166909582765271e+01
-5.022760753950196033e+01
-4.959506716723721098e+01
-4.895440833447835871e+01
-4.830576854616284521e+01
-4.764950815773561743e+01
-4.698591324113913004e+01
-4.631512130131081051e+01
-4.563741841019312773e+01
-4.495323920673351381e+01
-4.426264691236691107e+01
-4.356607616604077293e+01
-4.286366447269254820e+01
-4.215577218776717672e+01
-4.144261109970460666e+01
-4.072454156394979208e+01
-4.000177536894266694e+01
-3.927467287012817820e+01
-3.854337157244377465e+01
-3.780830611483690973e+01
-3.706961400224501801e+01
-3.632765559011306067e+01
-3.558264266688095745e+01
-3.483486130449117724e+01
-3.408467185838865987e+01
-3.333221183351086125e+01
-3.257776730180020763e+01
-3.182177290220415600e+01
-3.106429185615765576e+01
-3.030583308611064552e+01
-2.954653409700057054e+01
-2.878675767664598695e+01
-2.802680205885734921e+01
-2.726696790981870322e+01
-2.650755589571412330e+01
-2.574879239922514884e+01
-2.499090380303334769e+01
-2.423426505682527932e+01
-2.347910254328249380e+01
-2.272564264508655185e+01
-2.197426031192400941e+01
-2.122510764297392427e+01
-2.047855958792284881e+01
-1.973484252945235085e+01
-1.899418285024397690e+01
-1.825680693297929125e+01
-1.752316401084734920e+01
-1.679333189952470917e+01
-1.606768554869791998e+01
-1.534645134104854947e+01
-1.462978137575565007e+01
-1.391805060250577952e+01
-1.321141112047799560e+01
-1.251016359585635307e+01
-1.181453441132241089e+01
-1.112482423306022739e+01
-1.044111087674635918e+01
-9.763769292067360439e+00
-9.092951578202290719e+00
-8.428869261132208024e+00
-7.771785865289919215e+00
-7.121905488306230048e+00
-6.479439656162198524e+00
-5.844570181437882539e+00
-5.217508590114339206e+00
-4.598451551472122922e+00
-3.987580878091293801e+00
-3.385115524303158097e+00
-2.791229874337522787e+00
-2.206113169124696238e+00
-1.629934593049309210e+00
-1.062864816166043891e+00
-5.050759941996333380e-01
4.325080310489077401e-02
5.819515912080712727e-01
1.110859414230351172e+00
1.629822172992672735e+00
2.138724910067229423e+00
2.637422954625213034e+00
3.125786492538318306e+00
3.603678281327986177e+00
4.070959512359825005e+00
4.527507397426854041e+00
4.973182725465757237e+00
5.407890855514716932e+00
5.831507433210918023e+00
6.243915532541794100e+00
6.644998227494776977e+00
7.034623735356801966e+00
7.412786555369053509e+00
7.779250907914964763e+00
8.134078147387969082e+00
8.477181061176496613e+00
8.808546720171490207e+00
9.128013628258873524e+00
9.435643139832086135e+00
9.731273758777060578e+00
1.001489255598472994e+01
1.028648660234602730e+01
1.054604296875188929e+01
1.079340015908824313e+01
1.102861952774853016e+01
1.125168814562368169e+01
1.146244451659962849e+01
1.166094999506980834e+01
1.184719165192514900e+01
1.202115655805659244e+01
1.218290606785756403e+01
1.233235296871650277e+01
1.246963289852934054e+01
1.259458436118201341e+01
1.270726871106795031e+01
1.280774730258058902e+01
1.289600720661086086e+01
1.297210977755220185e+01
1.303604208629554329e+01
1.308779120373182003e+01
1.312741848425446811e+01
1.315498528225691643e+01
1.317055295213259924e+01
1.317425713177745550e+01
1.316601060857991179e+01
1.314602330393840823e+01
1.311428228874387614e+01
1.307092320089224735e+01
1.301600739477695434e+01
1.294959622479143668e+01
1.287175104532912329e+01
1.278260749428595133e+01
1.268222692605535151e+01
1.257067069503075807e+01
1.244807496509691092e+01
1.231450372059127751e+01
1.217017003884513215e+01
1.201506414668224210e+01
1.184939912143388874e+01
1.167323947342633872e+01
1.148679827999086633e+01
1.129014005145374355e+01
1.108347786514624644e+01
1.086680194789214404e+01
1.064047394402771474e+01
1.040448408037672579e+01
1.015904543427044970e+01
9.904296799537666729e+00
9.640451253509642271e+00
9.367573306512651854e+00
9.085876035877969770e+00
8.795423951931867990e+00
8.496504415508118413e+00
8.189256220435492395e+00
7.873773590441269121e+00
7.550247317805966141e+00
7.218868194810106331e+00
6.879841870434714401e+00
6.533351708610063646e+00
6.179610786667426581e+00
5.818795040186825140e+00
5.451124974849782312e+00
5.076776526236322695e+00
4.695940486626967392e+00
4.308800219951990584e+00
3.915539090141663348e+00
3.516333032776010281e+00
3.111372840135554263e+00
2.700841876150567700e+00
2.284908648050823388e+00
1.863786233167594508e+00
1.437669137956528953e+00
1.006749640368199694e+00
5.712289323734797142e-01
1.313022632630409803e-01
-3.128224894770169628e-01
-7.609619619164221804e-01
-1.212903076723901963e+00
-1.668447613268682739e+00
-2.127389922569742353e+00
-2.589531783996307013e+00
-3.054667548567354896e+00
-3.522591567301862181e+00
-3.993105619569055520e+00
-4.466017070495750474e+00
-4.941125914838112365e+00
-5.418222876409392263e+00
-5.897106107373093487e+00
-6.377603473293718572e+00
-6.859468556233267122e+00
-7.342454938253747621e+00
-7.826487053472906297e+00
-8.311192201998496287e+00
-8.796494817948275369e+00
-9.282022201429990460e+00
-9.767698786561396673e+00
-1.025322615695274386e+01
-1.073838017971678660e+01
-1.122301100546877883e+01
-1.170696878482396741e+01
-1.218995510139260929e+01
-1.267182010578995488e+01
-1.315241394863125812e+01
-1.363143821352677421e+01
-1.410889161809674874e+01
-1.458440146244893754e+01
-1.505789218070109214e+01
-1.552906535646346597e+01
-1.599784542385380881e+01
-1.646400824998488233e+01
-1.692732970196942688e+01
-1.738758564692020059e+01
-1.784477480245745440e+01
-1.829852446868894233e+01
-1.874883336323491534e+01
-1.919540306970562682e+01
-1.963815802221883189e+01
-2.007687408788727268e+01
-2.051147570082871496e+01
-2.094166444465340504e+01
-2.136743903698159031e+01
-2.178850106142352772e+01
-2.220477495209697594e+01
-2.261618514311967587e+01
-2.302243321810189158e+01
-2.342344361116136398e+01
-2.381914075641585171e+01
-2.420930052097811114e+01
-2.459377305546338377e+01
-2.497255707749192766e+01
-2.534542845417649914e+01
-2.571223733613234685e+01
-2.607290815747721879e+01
-2.642729106882637424e+01
-2.677530914089369318e+01
-2.711687999077756928e+01
-2.745184558867001812e+01
-2.778004790476306241e+01
-2.810147747625373071e+01
-2.841605055683653447e+01
-2.872353483320100409e+01
-2.902392084254415394e+01
-2.931712483856051321e+01
-2.960306307494459688e+01
-2.988165180539092347e+01
-3.015273300009152635e+01
-3.041637147974591571e+01
-3.067240921454611424e+01
-3.092068817468414466e+01
-3.116127318085953490e+01
-3.139408048676680352e+01
-3.161895206259796254e+01
-3.183587844555004054e+01
-3.204477588931756316e+01
-3.224563493109754120e+01
-3.243837182458450030e+01
-3.262305139047796843e+01
-3.279951559896996827e+01
-3.296782927076000647e+01
-3.312798294304511160e+01
-3.327989286951981285e+01
-3.342354958738111748e+01
-3.355894363382606116e+01
-3.368599126254915888e+01
-3.380475729424992437e+01
-3.391523226612539332e+01
-3.401725814836757422e+01
-3.411097404517849441e+01
-3.419629621025268307e+01
-3.427321518078714746e+01
-3.434187006098392203e+01
-3.440217710453751465e+01
-3.445412684864496100e+01
-3.449778411400576772e+01
-3.453313943781696338e+01
-3.456018335727557655e+01
-3.457905497658361327e+01
-3.458959626593311043e+01
-3.459194632952608117e+01
-3.458609570455954696e+01
-3.457210921173302864e+01
-3.454990310474104831e+01
-3.451969077128812557e+01
-3.448138846506879673e+01
-3.443513555625682443e+01
-3.438092391190804165e+01
-3.431896851555754324e+01
-3.424926150023292593e+01
-3.417186928246427158e+01
-3.408693256228416146e+01
-3.399436918921770712e+01
-3.389439414679999629e+01
-3.378699956805860438e+01
-3.367225186952362037e+01
-3.355029175122765395e+01
-3.342118562970078699e+01
-3.328499992147310849e+01
-3.314172675957220804e+01
-3.299165541103567278e+01
-3.283477800889109943e+01
-3.267116096966857697e+01
-3.250101927690320025e+01
-3.232427078012004529e+01
-3.214120474635672764e+01
-3.195181330864081204e+01
-3.175623716700489041e+01
-3.155469130498407537e+01
-3.134709357210344649e+01
-3.113373323540058024e+01
-3.091460242790308399e+01
-3.068984184964354256e+01
-3.045959220065454431e+01
-3.022399418096868828e+01
-2.998303992361355341e+01
-2.973694441212423811e+01
-2.948577406303082071e+01
-2.922966957636591445e+01
-2.896869736865959055e+01
-2.870307242344694387e+01
-2.843293544076057699e+01
-2.815835283713055759e+01
-2.787961387959449766e+01
-2.759671070117997260e+01
-2.730985828542207372e+01
-2.701912304885091132e+01
-2.672479425850404766e+01
-2.642678976390659429e+01
-2.612532454859362829e+01
-2.582053931259775226e+01
-2.551257475595154744e+01
-2.520142301168260346e+01
-2.488744763033101748e+01
-2.457056646142187617e+01
-2.425106877199277378e+01
-2.392902235159730751e+01
-2.360464904888813109e+01
-2.327802351853641127e+01
-2.294929469871580352e+01
-2.261868581110248400e+01
-2.228619722686510940e+01
-2.195212645118233752e+01
-2.161654813872534575e+01
-2.127961122766778601e+01
-2.094139037268083214e+01
-2.060210879544064255e+01
-2.026184115061838042e+01
-1.992088494339271421e+01
-1.957924054493229704e+01
-1.923705689341080571e+01
-1.889463149400689801e+01
-1.855196471788923773e+01
-1.820927978673398684e+01
-1.786665135521231562e+01
-1.752430264500038604e+01
-1.718238259427185355e+01
-1.684089157419539262e+01
-1.650005280644716166e+01
-1.616001522920082323e+01
-1.582085349712754585e+01
-1.548279083190348970e+01
-1.514582760469732214e+01
-1.481018703718520335e+01
-1.447594378403830362e+01
-1.414332106693277602e+01
-1.381231925703729324e+01
-1.348323585953051484e+01
-1.315599696207860703e+01
-1.283082578635773352e+01
-1.250787127054155690e+01
-1.218713378579874096e+01
-1.186891083730794882e+01
-1.155312851273534847e+01
-1.124008431725960122e+01
-1.092970433854686796e+01
-1.062221179827331774e+01
-1.031768135111011020e+01
-1.001626193523091146e+01
-9.718028205306884715e+00
-9.423054816009194923e+00
-9.131416422009003497e+00
-8.843336244982475947e+00
-8.558888939600775458e+00
-8.278000593530066453e+00
-8.000968711949015599e+00
-7.727787361349402140e+00
-7.458566528170258003e+00
-7.193417322523976587e+00
-6.932421141121955621e+00
-6.675651952325344141e+00
-6.423198581195786794e+00
-6.175134996094434392e+00
-5.931542593732681112e+00
-5.692510199172176044e+00
-5.458111780774065558e+00
-5.228413878549249105e+00
-5.003475604158371226e+00
-4.783370925962580067e+00
-4.568166383972775080e+00
-4.357921089849600804e+00
-4.152694155253704444e+00
-3.952559548546236812e+00
-3.757561524687341947e+00
-3.567751766987418360e+00
-3.383181958756863228e+00
-3.203903783306073283e+00
-3.029961495595197007e+00
-2.861414207284881606e+00
-2.698306173335273339e+00
-2.540659363655770164e+00
-2.388518033206520119e+00
-2.241896723546670245e+00
-2.100824832935866748e+00
-1.965339187984007863e+00
-1.835469186950741127e+00
-1.711229371395213139e+00
-1.592641711226821855e+00
-1.479728176354964564e+00
-1.372495879988538281e+00
-1.270966792036940740e+00
-1.175148025709068733e+00
-1.085061550914320216e+00
-1.000714480861591982e+00
-9.221139287597818202e-01
-8.492521511172865800e-01
-7.821288327927542472e-01
-7.207362302945816701e-01
-6.650740284814161685e-01
-6.151419122119052840e-01
-5.709247096441962821e-01
-5.324221056369364824e-01
-4.996189283482733723e-01
-4.724925775861040234e-01
-4.510353098588258947e-01
-4.352245249743365019e-01
-4.250598202515709079e-01
-4.205107294496165937e-01
-4.215466987878488947e-01
-4.281297461353932854e-01
-4.402070326608751860e-01
-4.577554329339198480e-01
-4.807295364734026077e-01
-5.090839327981991902e-01
-5.427806397774345148e-01
-5.817742469299843622e-01
-6.260119154244736528e-01
-6.754408064295284175e-01
-7.300229378142732983e-01
-7.897054707473341040e-01
-8.544355663973364212e-01
-9.241603859329051707e-01
-9.988270905226659391e-01
-1.078360556284494454e+00
-1.162707944387015413e+00
-1.251801559298354682e+00
-1.345573705486637017e+00
-1.443964115770238976e+00
-1.546905094617284870e+00
-1.654328946495900121e+00
-1.766153119173711206e+00
-1.882309917118842435e+00
-2.002724216449168981e+00
-2.127320893282567127e+00
-2.256024823736912044e+00
-2.388760883930078904e+00
-2.525453949979943324e+00
-2.666021469654129561e+00
-2.810380890720264979e+00
-2.958464517646473002e+00
-3.110197226550631022e+00
-3.265481608499862354e+00
-3.424257396312544444e+00
-3.586419752705550135e+00
-3.751878697096257209e+00
-3.920544248902039453e+00
-4.092326427540273315e+00
-4.267120395727833859e+00
-4.444843601232345343e+00
-4.625406063471184659e+00
-4.808702945161227760e+00
-4.994651694070098458e+00
-5.183169757965422342e+00
-5.374167156264574530e+00
-5.567553908384931027e+00
-5.763232605393618257e+00
-5.961119667822598167e+00
-6.161112550560696732e+00
-6.363085396210320432e+00
-6.567038629328133759e+00
-6.772712682212046253e+00
-6.980107979418718855e+00
-7.189150662002314895e+00
-7.399618304011992720e+00
-7.611511330004416820e+00
-7.824755881033746086e+00
-8.039129531149141528e+00
-8.254558421404764701e+00
-8.471042976357278320e+00
-8.688360770055838955e+00
-8.906512227057113762e+00
-9.125349204912762247e+00
-9.344723561174440363e+00
-9.564635720398817043e+00
-9.784863256635048856e+00
-1.000540659443979763e+01
-1.022611759136472465e+01
-1.044692238846399057e+01
-1.066767284328925847e+01
-1.088829509689468900e+01
-1.110871529033444105e+01
-1.132885956466267885e+01
-1.154850549392856252e+01
-1.176772778619125148e+01
-1.198630401549990943e+01
-1.220416032290869701e+01
-1.242122284947177313e+01
-1.263741773624330023e+01
-1.285267112427744074e+01
-1.306683487112585418e+01
-1.327983511784270476e+01
-1.349159800548214960e+01
-1.370197539159585176e+01
-1.391096770074047484e+01
-1.411842679046767124e+01
-1.432435308533411522e+01
-1.452859844289145919e+01
-1.473101472069136442e+01
-1.493167662679299568e+01
-1.513036173524551131e+01
-1.532707047060557493e+01
-1.552165469042484425e+01
-1.571411481925998288e+01
-1.590430271466265566e+01
-1.609214451768701792e+01
-1.627764065288972972e+01
-1.646064204422098243e+01
-1.664107016472756939e+01
-1.681891983735730278e+01
-1.699411160155550249e+01
-1.716649171326498546e+01
-1.733612927893607036e+01
-1.750294483801407353e+01
-1.766671036293931607e+01
-1.782756924366461249e+01
-1.798529345263027324e+01
-1.813995209628663119e+01
-1.829139143057649264e+01
-1.843960627844767686e+01
-1.858451717934550373e+01
-1.872604467271529671e+01
-1.886418358150485375e+01
-1.899885444515951605e+01
-1.913005208662708512e+01
-1.925769704535288440e+01
-1.938178414428472962e+01
-1.950215963936544483e+01
-1.961896692054783742e+01
-1.973197796027222850e+01
-1.984118758148644091e+01
-1.994666489064078263e+01
-2.004825614367807773e+01
-2.014595616354614549e+01
-2.023975977319279806e+01
-2.032958751206335890e+01
-2.041543420310564017e+01
-2.049729466926746113e+01
-2.057516373349664107e+01
-2.064903621874099571e+01
-2.071883266444584137e+01
-2.078454789355899734e+01
-2.084617672902828289e+01
-2.090371399380151018e+01
-2.095715451082650560e+01
-2.100641881954857126e+01
-2.105157602641804715e+01
-2.109254667088023183e+01
-2.112932557588294458e+01
-2.116198184787651826e+01
-2.119036174280375207e+01
-2.121460865061747469e+01
-2.123464311076300248e+01
-2.125045994618815115e+01
-2.126212826334323225e+01
-2.126956860167357277e+01
-2.127285006762948782e+01
-2.127189315245134082e+01
-2.126684100506720299e+01
-2.125761387569268379e+01
-2.124420629804590988e+01
-2.122668708934748949e+01
-2.120505078331554571e+01
-2.117936619717068680e+01
-2.114955358112853290e+01
-2.111568175240970291e+01
-2.107774524473230926e+01
-2.103573859181447148e+01
-2.098973061087680492e+01
-2.093971583563742200e+01
-2.088576308331694520e+01
-2.082786688763348337e+01
-2.076609606580765899e+01
-2.070051943506008740e+01
-2.063113152910888815e+01
-2.055800116517466947e+01
-2.048119716047805383e+01
-2.040063976523465428e+01
-2.031647208016758910e+01
-2.022876292249747721e+01
-2.013743254243993164e+01
-2.004254975721556420e+01
-1.994425766754750029e+01
-1.984247652365135295e+01
-1.973727514274773398e+01
-1.962872234205726585e+01
-1.951688693880056036e+01
-1.940176346669574059e+01
-1.928349502646591063e+01
-1.916207615182920065e+01
-1.903757566000621892e+01
-1.890998808471508141e+01
-1.877945652667891352e+01
-1.864590123611331762e+01
-1.850953959724391851e+01
-1.837029186028633276e+01
-1.822830112596367513e+01
-1.808356192799406159e+01
-1.793614308359810749e+01
-1.778611340999643176e+01
-1.763354172440964973e+01
-1.747849684405838033e+01
-1.732097330266072888e+01
-1.716118848444232725e+01
-1.699913692312128433e+01
-1.683488743591821191e+01
-1.666843455655123307e+01
-1.649992210407525306e+01
-1.632934820386734387e+01
-1.615678598313887093e+01
-1.598238285260368308e+01
-1.580606337246815762e+01
-1.562804923694864634e+01
-1.544826500625151411e+01
-1.526693237459312691e+01
-1.508405018568234546e+01
-1.489961728322802692e+01
-1.471385536144653905e+01
-1.452668898054423607e+01
-1.433833983473748752e+01
-1.414880676773515411e+01
-1.395808862324609834e+01
-1.376640709548667552e+01
-1.357368674466325764e+01
-1.338014926499220003e+01
-1.318571921667986580e+01
-1.299054401044011797e+01
-1.279469677348432022e+01
-1.259825063302383086e+01
-1.240127871627001355e+01
-1.220377986693173078e+01
-1.200590149572284204e+01
-1.180764244635221516e+01
-1.160915012953370784e+01
-1.141049767247868019e+01
-1.121168391889599825e+01
-1.101285627949952328e+01
-1.081401359799811424e+01
-1.061530328510563592e+01
-1.041679846803345022e+01
-1.021849799049042140e+01
-1.002054926319040717e+01
-9.822951129842270035e+00
-9.625776717657375414e+00
-9.429099153847081638e+00
-9.232991565622750585e+00
-9.037527080195747686e+00
-8.842704541274933661e+00
-8.648671359574169770e+00
-8.455500662304817894e+00
-8.263117009673241142e+00
-8.071742095895798386e+00
-7.881374764681356559e+00
-7.692043573139773827e+00
-7.503851361883414839e+00
-7.316841544722639590e+00
-7.131064963818059432e+00
-6.946580637543763537e+00
-6.763450575726734471e+00
-6.581730107706929900e+00
-6.401489419524809321e+00
-6.222776412170080818e+00
-6.045638986632453360e+00
-5.870147328952384669e+00
-5.696349340119581939e+00
-5.524307777824255972e+00
-5.354063114705863491e+00
-5.185678108454612634e+00
-5.019208088410463731e+00
-4.854678670512374339e+00
-4.692160040800801291e+00
-4.531677815214704808e+00
-4.373287323094042556e+00
-4.217029037078272147e+00
-4.062958286507353911e+00
-3.911108115670494989e+00
-3.761511568856903409e+00
-3.614216547056289031e+00
-3.469256094557858550e+00
-3.326670684001071798e+00
-3.186500788025385944e+00
-3.048779450920009904e+00
-2.913539716974152594e+00
-2.780822058827271626e+00
-2.650652092418325889e+00
-2.523055433686273386e+00
-2.398079983620822198e+00
-2.275751358160931659e+00
-2.156102601595809354e+00
-2.039144473163914562e+00
-1.924910017154454422e+00
-1.813424849506388492e+00
-1.704699729458174495e+00
-1.598760272948771322e+00
-1.495624667566886945e+00
-1.395318529251480033e+00
-1.297860045591258338e+00
-1.203259975824681360e+00
-1.111529079190206160e+00
-1.022692971626792291e+00
-9.367572125277227046e-01
-8.537437036568306103e-01
-7.736639470875995572e-01
-6.965272163884379530e-01
-6.223398137876542391e-01
-5.511087843485816817e-01
-4.828419159695788165e-01
-4.175463902602908894e-01
-3.552291921805866837e-01
-2.958967004016220259e-01
-2.395493509143525601e-01
-1.861846826531364518e-01
-1.358003831193370092e-01
-8.839465979883494307e-02
-4.396534875999853764e-02
-2.510657488708442978e-03
3.597313790021955393e-02
7.149176694653720798e-02
1.040551933496388498e-01
1.336696666337937045e-01
1.603444076633710469e-01
1.840871516326901269e-01
2.049056337360702362e-01
2.228113033429556245e-01
2.378222953380156046e-01
2.499612016160694394e-01
2.592491284018862974e-01
2.657071819202355689e-01
2.693586969009614251e-01
2.702232938987832456e-01
2.683243076435452013e-01
2.636821015249916633e-01
2.563192674379417002e-01
2.462569116071648134e-01
2.335168830924550798e-01
2.181202881185819176e-01
2.000897185803645062e-01
1.794475435221146720e-01
1.562234860548916138e-01
1.304483835422921012e-01
1.021532961984204790e-01
7.136876425286345360e-02
3.812688788876031354e-02
2.457464500672855955e-03
-3.560874283130468360e-02
-7.603874252200305828e-02
-1.188002858212779955e-01
-1.638633524840601985e-01
-2.111934652551303859e-01
-2.607598610543943041e-01
-3.125310339667327630e-01
-3.664725067369263289e-01
-4.225446022645809596e-01
-4.807091291193522631e-01
-5.409167533455208066e-01
-6.031381975330425416e-01
-6.673256133962481851e-01
-7.334455450652824782e-01
-8.014403944807970692e-01
-8.712818126997569079e-01
-9.429191657283776395e-01
-1.016309247923125270e+00
-1.091423710340964304e+00
-1.168211918988111053e+00
-1.246630668221030414e+00
-1.326636752396187946e+00
-1.408186965870049212e+00
-1.491230674648829746e+00
-1.575724673088994665e+00
-1.661610898846510143e+00
-1.748853574628091101e+00
-1.837402066439953074e+00
-1.927198311938061126e+00
-2.018206533829131288e+00
-2.110368669769128847e+00
-2.203641514114519140e+00
-2.297981861221767730e+00
-2.393339077097090595e+00
-2.489655099396451909e+00
-2.586894150826568595e+00
-2.684998169043404825e+00
-2.783931376753677078e+00
-2.883635711613350416e+00
-2.984067967978889957e+00
-3.085184940206761706e+00
-3.186928565952930725e+00
-3.289255639573862133e+00
-3.392115527075772796e+00
-3.495465022815126499e+00
-3.599253492798139664e+00
-3.703430303031028270e+00
-3.807944819520005630e+00
-3.912746408271290388e+00
-4.017799291991595467e+00
-4.123045408336886375e+00
-4.228441551663629561e+00
-4.333951944678539725e+00
-4.439518525037585484e+00
-4.545105515447476208e+00
-4.650654853564182289e+00
-4.756138190444668012e+00
-4.861497463744897551e+00
-4.966704324521837854e+00
-5.071700710431453984e+00
-5.176443415830211059e+00
-5.280904091775075138e+00
-5.385024675922010395e+00
-5.488768823898189098e+00
-5.592090494662353528e+00
-5.694943080093700871e+00
-5.797294828771931030e+00
-5.899091704225991606e+00
-6.000301955035579837e+00
-6.100871544729645102e+00
-6.200768721887883750e+00
-6.299946878389495630e+00
-6.398366834463928399e+00
-6.495989410340631487e+00
-6.592782854599299469e+00
-6.688700559119133970e+00
-6.783703344129582646e+00
-6.877752029860090488e+00
-6.970852006641611531e+00
-7.062874954500588665e+00
-7.153855977168971592e+00
-7.243718753124958276e+00
-7.332535527851748114e+00
-7.420155696325040573e+00
-7.506577220525529448e+00
-7.591798062433914751e+00
-7.675741900528396222e+00
-7.758406696789669432e+00
-7.839790413198435282e+00
-7.919816728232889957e+00
-7.998483603873732584e+00
-8.075789002101659619e+00
-8.151656601394872581e+00
-8.226010080231565880e+00
-8.298921684094940687e+00
-8.370389374965693463e+00
-8.440262547819523675e+00
-8.508613448139627167e+00
-8.575365754404202789e+00
-8.640591712096449939e+00
-8.704140716192068084e+00
-8.766085012174251290e+00
-8.826348278521201962e+00
-8.885002760716114167e+00
-8.941972137237188534e+00
-8.997180086562622137e+00
-9.050773137678117308e+00
-9.102526402056865251e+00
-9.152586408684570074e+00
-9.200876836039423523e+00
-9.247469929604630323e+00
-9.292215084355884613e+00
-9.335110262273888182e+00
-9.376301842001771192e+00
-9.415564183299911960e+00
-9.453117196601128924e+00
-9.488735091323231785e+00
-9.522563494396536043e+00
-9.554525182243855497e+00
-9.584617214790503326e+00
-9.612836651961798040e+00
-9.639180553683047492e+00
-9.663720263382071352e+00
-9.686378557481678087e+00
-9.707078212404685047e+00
-9.725964855081407734e+00
-9.743035545437159328e+00
-9.758138776392250691e+00
-9.771420174876999099e+00
-9.782802517314218349e+00
-9.792282863629221623e+00
-9.799932557249823262e+00
-9.805748658101336446e+00
-9.809653942606576749e+00
-9.811719754193360288e+00
-9.811943152786996691e+00
-9.810321198312799140e+00
-9.806925234198589081e+00
-9.801678036867171429e+00
-9.794576666243868246e+00
-9.785766749258989705e+00
-9.775171062335349603e+00
-9.762786665398261121e+00
-9.748684901875543929e+00
-9.732788548190004718e+00
-9.715168947769463159e+00
-9.695823160539230656e+00
-9.674748246424620390e+00
-9.652015548853450255e+00
-9.627622127751029879e+00
-9.601490759540176612e+00
-9.573767071151200625e+00
-9.544448122509420429e+00
-9.513456690037649821e+00
-9.480864117163699589e+00
-9.446741747315385851e+00
-9.411086640418023563e+00
-9.373821572894426524e+00
-9.335092171674904904e+00
-9.294821213182277830e+00
-9.253080040844356091e+00
-9.209865714586454644e+00
-9.165249577836389605e+00
-9.119154678300851913e+00
-9.071727999329556980e+00
-9.022893945048593878e+00
-8.972799770091556937e+00
-8.921295595082039398e+00
-8.868528674653628485e+00
-8.814571979937422697e+00
-8.759349915059511105e+00
-8.702935451150985102e+00
-8.645252992337940867e+00
-8.586524076756465007e+00
-8.526598825030156092e+00
-8.465624491792601347e+00
-8.403525481169895173e+00
-8.340449047795630122e+00
-8.276319595795898820e+00
-8.211210096301790884e+00
-8.145119236941900098e+00
-8.078194272349820793e+00
-8.010285323149142656e+00
-7.941539643973458240e+00
-7.871955922451361332e+00
-7.801607129713942435e+00
-7.730491953389793558e+00
-7.658609081107509375e+00
-7.586031483998180391e+00
-7.512757849690400391e+00
-7.438831435914259771e+00
-7.364295500399851591e+00
-7.289178444176765304e+00
-7.213501239924350550e+00
-7.137292288672191454e+00
-7.060587419800135933e+00
-6.983407605987520306e+00
-6.905788676614195154e+00
-6.827759032709747267e+00
-6.749361932004268816e+00
-6.670625775527353696e+00
-6.591578964308594024e+00
-6.512249899377581031e+00
-6.432681838464407775e+00
-6.352903182598666376e+00
-6.272934904459698480e+00
-6.192805405077097980e+00
-6.112550513830706578e+00
-6.032198631750114615e+00
-5.951770731514667290e+00
-5.871302642504204528e+00
-5.790815337398069751e+00
-5.710344645576104661e+00
-5.629919441607668773e+00
-5.549563065870934508e+00
-5.469321617334592212e+00
-5.389211481566330342e+00
-5.309271329184589661e+00
-5.229524974107309987e+00
-5.150011086952930306e+00
-5.070746053289140853e+00
-4.991761115384130143e+00
-4.913094943856339825e+00
-4.834763924273456581e+00
-4.756799298903672479e+00
-4.679232310015176921e+00
-4.602086771525908837e+00
-4.525393925704058518e+00
-4.449177586467564893e+00
-4.373468996084618254e+00
-4.298299396823408003e+00
-4.223685174251623486e+00
-4.149657570637454995e+00
-4.076232971548591877e+00
-4.003450047603474005e+00
-3.931317756019540255e+00
-3.859867339064981806e+00
-3.789122610657735812e+00
-3.719099956365493842e+00
-3.649823190106195714e+00
-3.581316125797780359e+00
-3.513602577358187151e+00
-3.446691502004857188e+00
-3.380621570356228567e+00
-3.315401739629741051e+00
-3.251055823743335349e+00
-3.187600208264700363e+00
-3.125051278761525886e+00
-3.063432849151751292e+00
-3.002761305003066816e+00
-2.943045603532911336e+00
-2.884309558659225114e+00
-2.826569555949697943e+00
-2.769841980972019169e+00
-2.714135790943628557e+00
-2.659467371432215010e+00
-2.605853108005470098e+00
-2.553309386231081390e+00
-2.501837734976239513e+00
-2.451469396509133869e+00
-2.402198471346704167e+00
-2.354048773406890227e+00
-2.307021831556881342e+00
-2.261133965962278669e+00
-2.216386378479826114e+00
-2.172802490614928583e+00
-2.130390867172491376e+00
-2.089145216256919291e+00
-2.049081531023368097e+00
-2.010200947926492177e+00
-1.972519460121446855e+00
-1.936038204062887402e+00
-1.900758316205469090e+00
-1.866688361354096104e+00
-1.833836904313674410e+00
-1.802197653188609250e+00
-1.771779172783805034e+00
-1.742582599553917255e+00
-1.714609069953600962e+00
-1.687859720437511202e+00
-1.662335687460303246e+00
-1.638038107476631922e+00
-1.614968116941152498e+00
-1.593119423958270220e+00
-1.572493164982639913e+00
-1.553090476468916625e+00
-1.534905066521505601e+00
-1.517945499945312360e+00
-1.502198056494491007e+00
-1.487656444273447676e+00
-1.474321799736837191e+00
-1.462180402638813881e+00
-1.451240817784283932e+00
-1.441474468226901839e+00
-1.432897347121822706e+00
-1.425495734223201971e+00
-1.419255909285194406e+00
-1.414179008762455281e+00
-1.410251312409139590e+00
-1.407466528329652355e+00
-1.405825792978649069e+00
-1.405307957760034254e+00
-1.405906730778213598e+00
-1.407615820137591678e+00
-1.410421505592324154e+00
-1.414317495246815826e+00
-1.419282640504971660e+00
-1.425310649471196900e+00
-1.432395230249896567e+00
-1.440515234244976073e+00
-1.449664369560839772e+00
-1.459828915951643769e+00
-1.470995153171542391e+00
