# d_c
0.000000000000000000e+00
8.495738118752996115e+01
1.692192700575713502e+02
2.527756629783308142e+02
3.356173489518662905e+02
4.177359118017132005e+02
4.991237289380142101e+02
5.797739668808256965e+02
6.596805737398497058e+02
7.388382688628256574e+02
8.172425298753360039e+02
8.948895773420090336e+02
9.717763572831127021e+02
1.047900521781666612e+03
1.123260407914558300e+03
1.197855015237181988e+03
1.271683982044956338e+03
1.344747560627082066e+03
1.417046591718433319e+03
1.488582478344639867e+03
1.559357159243736078e+03
1.629373082035228208e+03
1.698633176294526947e+03
1.767140826677465839e+03
1.834899846226364389e+03
1.901914449975941352e+03
1.968189228964453605e+03
2.033729124742957765e+03
2.098539404463502706e+03
2.162625636615632629e+03
2.225993667469726006e+03
2.288649598275525932e+03
2.350599763254760546e+03
2.411850708418050090e+03
2.472409171228237483e+03
2.532282061125026758e+03
2.591476440919220749e+03
2.649999509058951389e+03
2.707858582765036317e+03
2.765061082027995326e+03
2.821614514455201970e+03
2.877526460953185506e+03
2.932804562227112001e+03
2.987456506076958703e+03
3.041490015467891681e+03
3.094912837350609152e+03
3.147732732206169203e+03
3.199957464288798747e+03
3.251594792539509854e+03
3.302652462142890727e+03
3.353138196699235777e+03
3.403059690984181088e+03
3.452424604268156600e+03
3.501240554168266499e+03
3.549515111005696326e+03
3.597255792642230972e+03
3.644470059770126227e+03
3.691165311630309134e+03
3.737348882134603173e+03
3.783028036368501944e+03
3.828209967451878128e+03
3.872901793735852607e+03
3.917110556314926271e+03
3.960843216834418854e+03
4.004106655574050819e+03
4.046907669789493866e+03
4.089252972294497795e+03
4.131149190267105041e+03
4.172602864264289565e+03
4.213620447430180320e+03
4.254208304883792152e+03
4.294372713273002773e+03
4.334119860482224794e+03
4.373455845481926190e+03
4.412386678308881528e+03
4.450918280166654768e+03
4.489056483636446501e+03
4.526807032989081563e+03
4.564175584589426762e+03
4.601167707385116046e+03
4.637788883471975169e+03
4.674044508729006338e+03
4.709939893516292614e+03
4.745480263429598381e+03
4.780670760105872432e+03
4.815516442074260340e+03
4.850022285647596618e+03
4.884193185849686415e+03
4.918033957374062084e+03
4.951549335570156472e+03
4.984743977453163097e+03
5.017622462734134388e+03
5.050189294867084755e+03
5.082448902110151721e+03
5.114405638598099358e+03
5.146063785423605623e+03
5.177427551725038029e+03
5.208501075778576705e+03
5.239288426092718510e+03
5.269793602503375951e+03
