# f_ap
0.000000000000000000e+00
2.028463513912203905e-02
4.074056575792733836e-02
6.137677700172049916e-02
8.220208991715825808e-02
1.032251463012114900e-01
1.244543949988608511e-01
1.458980796476639918e-01
1.675642278555742604e-01
1.894606417875865090e-01
2.115948901270479354e-01
2.339743013688497242e-01
2.566059583942285061e-01
2.794966942705848223e-01
3.026530892145130602e-01
3.260814686521482653e-01
3.497879023078790395e-01
3.737782042504035340e-01
3.980579338239648157e-01
4.226323973922625488e-01
4.475066508229884610e-01
4.726855026419937711e-01
4.981735177877883447e-01
5.239750218992015318e-01
5.500941060716096898e-01
5.765346320200155361e-01
6.033002375904067405e-01
6.303943425641667098e-01
6.578201547037506591e-01
6.855806759913828374e-01
7.136787090160839897e-01
7.421168634678734222e-01
7.708975627014530430e-01
8.000230503351141165e-01
8.294953968538414379e-01
8.593165061887785283e-01
8.894881222482117211e-01
9.200118353780761815e-01
9.508890887326705288e-01
9.821211845387867179e-01
1.013709290238790306e+00
1.045654444500363489e+00
1.077957563082629022e+00
1.110619444550174695e+00
1.143640775828226319e+00
1.177022137593685569e+00
1.210764009498154214e+00
1.244866775220290656e+00
1.279330727345955543e+00
1.314156072075581605e+00
1.349342933759059004e+00
1.384891359259226018e+00
1.420801322145675449e+00
1.457072726721189815e+00
1.493705411883599510e+00
1.530699154826288932e+00
1.568053674580885293e+00
1.605768635406022771e+00
1.643843650026218128e+00
1.682278282725151675e+00
1.721072052297732968e+00
1.760224434865476306e+00
1.799734866559693947e+00
1.839602746077166229e+00
1.879827437112814970e+00
1.920408270674008211e+00
1.961344547281009598e+00
2.002635539058049474e+00
2.044280491719440818e+00
2.086278626455063012e+00
2.128629141719421636e+00
2.171331214928452713e+00
2.214384004068051581e+00
2.257786649218253672e+00
2.301538273996848627e+00
2.345637986926086160e+00
2.390084882726018378e+00
2.434878043537904269e+00
2.480016540080947074e+00
2.525499432745562878e+00
2.571325772626206430e+00
2.617494602496682976e+00
2.664004957730776724e+00
2.710855867170844480e+00
2.758046353946982165e+00
2.805575436249251098e+00
2.853442128055252880e+00
2.901645439815375482e+00
2.950184379097843035e+00
2.999057951195604144e+00
3.048265159697022497e+00
3.097805007022278456e+00
3.147676494927214463e+00
3.197878624976312700e+00
3.248410398986496972e+00
3.299270819443196778e+00
3.350458889890190139e+00
3.401973615294626718e+00
3.453814002388511994e+00
3.505979059987928803e+00
