# h
2.368305075906879814e-04
2.387624813239819482e-04
2.407560660441726639e-04
2.428112591162782420e-04
2.449280115401529447e-04
2.471062300006646477e-04
2.493457789788165019e-04
2.516464829088364634e-04
2.540081283667669347e-04
2.564304662767299915e-04
2.589132141217920127e-04
2.614560581471934660e-04
2.640586555446214193e-04
2.667206366071632733e-04
2.694416068455735588e-04
2.722211490574943829e-04
2.750588253422802049e-04
2.779541790550663083e-04
2.809067366946948682e-04
2.839160097210373401e-04
2.869814962981426742e-04
2.901026829604725537e-04
2.932790462002667791e-04
2.965100539747964666e-04
2.997951671329244150e-04
3.031338407609810988e-04
3.065255254484999608e-04
3.099696684748234009e-04
3.134657149180026408e-04
3.170131086877670066e-04
3.206112934846386069e-04
3.242597136875163388e-04
3.279578151722542198e-04
3.317050460639199951e-04
3.355008574255348929e-04
3.393447038861809452e-04
3.432360442114125985e-04
3.471743418189322155e-04
3.511590652424852188e-04
3.551896885469091087e-04
3.592656916972239087e-04
3.633865608845979829e-04
3.675517888119486805e-04
3.717608749418517219e-04
3.760133257093500815e-04
3.803086547021481724e-04
3.846463828105770098e-04
3.890260383496100529e-04
3.934471571551030069e-04
3.979092826563179492e-04
4.024119659266845372e-04
4.069547657146481076e-04
4.115372484563395547e-04
4.161589882717054334e-04
4.208195669456314572e-04
4.255185738954974230e-04
4.302556061265031483e-04
4.350302681760209278e-04
4.398421720481350376e-04
4.446909371394527628e-04
4.495761901571888029e-04
4.544975650304534107e-04
4.594547028155966640e-04
4.644472515964073842e-04
4.694748663798858001e-04
4.745372089882651974e-04
4.796339479478927965e-04
4.847647583755297423e-04
4.899293218625859047e-04
4.951273263577536925e-04
5.003584660484669717e-04
5.056224412415698168e-04
5.109189582435464316e-04
5.162477292406224836e-04
5.216084721790282012e-04
5.270009106456717335e-04
5.324247737494540314e-04
5.378797960034292997e-04
5.433657172079882835e-04
5.488822823352258306e-04
5.544292414146342147e-04
5.600063494202420266e-04
5.656133661593071597e-04
5.712500561626552903e-04
5.769161885767405034e-04
5.826115370574974552e-04
5.883358796660357031e-04
5.940889987662221735e-04
5.998706809241899319e-04
6.056807168097946142e-04
6.115189011000418283e-04
6.173850323844987543e-04
6.232789130726922207e-04
6.292003493034958568e-04
6.351491508565069739e-04
6.411251310653959343e-04
6.471281067332216143e-04
6.531578980496981039e-04
6.592143285103879268e-04
6.652972248378050818e-04
