# k_h
9.568646419211290777e-06
1.056662858900381252e-05
1.166869787994073704e-05
1.288571002078242600e-05
1.422965306119294837e-05
1.571376560605131090e-05
1.735266596369910985e-05
1.916250039357692003e-05
2.116109499183949083e-05
2.336813668080139905e-05
2.580536784080322832e-05
2.849679367500357330e-05
3.146892777294851840e-05
3.475104676908813417e-05
3.837548501905985177e-05
4.237793837091885507e-05
4.679783523897640407e-05
5.167871859157457948e-05
5.706866068067029119e-05
6.302075780695304275e-05
6.959364691283553839e-05
7.685206219321116805e-05
8.486751903546974063e-05
9.371895430376753211e-05
1.034935776260681450e-04
1.142876644735224545e-04
1.262075384147465229e-04
1.393706334056332707e-04
1.539065851829946041e-04
1.699586136965081096e-04
1.876848109532147646e-04
2.072597999358549714e-04
2.288764080731198192e-04
2.527475589886307716e-04
2.791084116324782372e-04
3.082186449319124222e-04
3.403649607207626104e-04
3.758640668820589781e-04
4.150656168349087238e-04
4.583557893056422472e-04
5.061610136181116104e-04
5.589521606452763081e-04
6.172492867335677147e-04
6.816266104578971863e-04
7.527183042839169502e-04
8.312247227877378464e-04
9.179190965369343758e-04
1.013655448332428932e-03
1.119376742281019688e-03
1.236124662682414055e-03
1.365048927254974842e-03
1.507419627159833908e-03
1.664639217779040337e-03
1.838256372138857841e-03
2.029981231316924095e-03
2.241702517494559288e-03
2.475505694746971130e-03
2.733693923801183701e-03
3.018810413777828217e-03
3.333663800731301308e-03
3.681355388835072517e-03
4.065310116857290268e-03
4.489310551434755325e-03
4.957532975822687149e-03
5.474589765071868896e-03
6.045573856681585312e-03
6.676109973341226578e-03
7.372409105300903320e-03
8.141330443322658539e-03
8.990447968244552612e-03
9.928125888109207153e-03
1.096360199153423309e-02
1.210707426071166992e-02
1.336980704218149185e-02
1.476424001157283783e-02
1.630410924553871155e-02
1.800458133220672607e-02
1.988240703940391541e-02
2.195608615875244141e-02
2.424604259431362152e-02
2.677483670413494110e-02
2.956737577915191650e-02
3.265117108821868896e-02
3.605659306049346924e-02
3.981719538569450378e-02
4.379891231656074524e-02
4.778063297271728516e-02
5.176235362887382507e-02
5.574407055974006653e-02
5.972579121589660645e-02
6.370750814676284790e-02
6.768923252820968628e-02
7.167094945907592773e-02
7.565267384052276611e-02
7.963439077138900757e-02
8.361610770225524902e-02
8.857068419456481934e-02
9.352525323629379272e-02
9.847982972860336304e-02
1.034343987703323364e-01
1.083889752626419067e-01
1.133435443043708801e-01
1.182981133460998535e-01
1.232526898384094238e-01
1.282072663307189941e-01
1.331618279218673706e-01
1.381164044141769409e-01
1.430709809064865112e-01
1.480255573987960815e-01
1.529801189899444580e-01
1.579346954822540283e-01
1.628892719745635986e-01
1.678438335657119751e-01
1.727984100580215454e-01
1.777529865503311157e-01
1.827075630426406860e-01
1.876621246337890625e-01
1.926167011260986328e-01
1.975712776184082031e-01
2.025258541107177734e-01
2.074804157018661499e-01
2.124349921941757202e-01
2.173895686864852905e-01
2.223441451787948608e-01
2.272987067699432373e-01
2.322532832622528076e-01
2.372078597545623779e-01
2.421624213457107544e-01
2.471169978380203247e-01
2.520715594291687012e-01
2.570261359214782715e-01
2.619807124137878418e-01
2.669352889060974121e-01
2.718898653984069824e-01
2.768444418907165527e-01
2.817990183830261230e-01
2.867535650730133057e-01
2.917081415653228760e-01
2.966627180576324463e-01
3.016172945499420166e-01
3.065718710422515869e-01
3.115264475345611572e-01
3.164810240268707275e-01
3.214356005191802979e-01
3.263901472091674805e-01
3.313447237014770508e-01
3.362993001937866211e-01
3.412538766860961914e-01
3.462084531784057617e-01
3.511630296707153320e-01
3.561176061630249023e-01
3.610721528530120850e-01
3.660267293453216553e-01
3.709813058376312256e-01
3.759358823299407959e-01
3.808904588222503662e-01
3.858450353145599365e-01
3.907996118068695068e-01
3.957541584968566895e-01
4.007087349891662598e-01
4.056633114814758301e-01
4.106178879737854004e-01
4.155724644660949707e-01
4.205270409584045410e-01
4.254816174507141113e-01
4.304361939430236816e-01
4.353907406330108643e-01
4.403453171253204346e-01
4.452998936176300049e-01
4.502544701099395752e-01
4.552090466022491455e-01
4.601636230945587158e-01
4.651181995868682861e-01
4.700727462768554688e-01
4.750273227691650391e-01
4.799818992614746094e-01
4.849364757537841797e-01
4.898910522460937500e-01
4.948456287384033203e-01
4.998002052307128906e-01
5.047547817230224609e-01
5.097093582153320312e-01
5.146639347076416016e-01
5.196185111999511719e-01
5.245730280876159668e-01
5.295276045799255371e-01
5.344821810722351074e-01
5.394367575645446777e-01
5.443913340568542480e-01
5.493459105491638184e-01
5.543004870414733887e-01
5.592550635337829590e-01
5.642096400260925293e-01
5.691642165184020996e-01
5.741187930107116699e-01
5.980404019355773926e-01
5.984074473381042480e-01
7.448751926422119141e-01
9.271928071975708008e-01
1.154134988784790039e+00
1.436624050140380859e+00
1.788256049156188965e+00
2.225954294204711914e+00
2.770784616470336914e+00
3.448969125747680664e+00
4.293148040771484375e+00
5.343950271606445312e+00
6.651949405670166016e+00
8.280097961425781250e+00
1.030675697326660156e+01
1.282946586608886719e+01
1.596963977813720703e+01
1.987841033935546875e+01
2.474390411376953125e+01
3.080028724670410156e+01
3.833904647827148438e+01
4.772301101684570312e+01
5.940382385253906250e+01
7.394365692138671875e+01
