# t_k
1.341286200000000000e+07
1.341285800000000000e+07
1.341285300000000000e+07
1.341284600000000000e+07
1.341284000000000000e+07
1.341283000000000000e+07
1.341281900000000000e+07
1.341280500000000000e+07
1.341278900000000000e+07
1.341276800000000000e+07
1.341274300000000000e+07
1.341271300000000000e+07
1.341267700000000000e+07
1.341263300000000000e+07
1.341257700000000000e+07
1.341251100000000000e+07
1.341242900000000000e+07
1.341233000000000000e+07
1.341220900000000000e+07
1.341206300000000000e+07
1.341188300000000000e+07
1.341166500000000000e+07
1.341139900000000000e+07
1.341107400000000000e+07
1.341067800000000000e+07
1.341019600000000000e+07
1.340960900000000000e+07
1.340889300000000000e+07
1.340802500000000000e+07
1.340696600000000000e+07
1.340567900000000000e+07
1.340411400000000000e+07
1.340221500000000000e+07
1.339991000000000000e+07
1.339711600000000000e+07
1.339373300000000000e+07
1.338964400000000000e+07
1.338471200000000000e+07
1.337877100000000000e+07
1.337163800000000000e+07
1.336309400000000000e+07
1.335289800000000000e+07
1.334077200000000000e+07
1.332641500000000000e+07
1.330949500000000000e+07
1.328964800000000000e+07
1.326649000000000000e+07
1.323960000000000000e+07
1.320852300000000000e+07
1.317276300000000000e+07
1.313176600000000000e+07
1.308492600000000000e+07
1.303157300000000000e+07
1.297098700000000000e+07
1.290240800000000000e+07
1.282502500000000000e+07
1.273798900000000000e+07
1.264042600000000000e+07
1.253144000000000000e+07
1.241011600000000000e+07
1.227551800000000000e+07
1.212669400000000000e+07
1.196269800000000000e+07
1.178260700000000000e+07
1.158551100000000000e+07
1.137050400000000000e+07
1.113670100000000000e+07
1.088324600000000000e+07
1.060928700000000000e+07
1.031398600000000000e+07
9.996564000000000000e+06
9.656250000000000000e+06
9.292390000000000000e+06
8.904470000000000000e+06
8.492266000000000000e+06
8.056012500000000000e+06
7.596662500000000000e+06
7.116238500000000000e+06
6.618256000000000000e+06
6.108203500000000000e+06
5.593977500000000000e+06
5.086111500000000000e+06
4.597548500000000000e+06
4.142621250000000000e+06
3.734903250000000000e+06
3.395671500000000000e+06
3.135531000000000000e+06
2.930208750000000000e+06
2.758500250000000000e+06
2.605482750000000000e+06
2.460158500000000000e+06
2.315157750000000000e+06
2.167810250000000000e+06
2.019878000000000000e+06
1.876009500000000000e+06
1.741372375000000000e+06
1.593254750000000000e+06
1.471616125000000000e+06
1.377451250000000000e+06
1.306748625000000000e+06
1.251880250000000000e+06
1.204283125000000000e+06
1.156958250000000000e+06
1.105913000000000000e+06
1.050205250000000000e+06
9.911149375000000000e+05
9.314830000000000000e+05
8.751710625000000000e+05
8.257791250000000000e+05
7.850903125000000000e+05
7.527200625000000000e+05
7.269835625000000000e+05
7.056155625000000000e+05
6.860020625000000000e+05
6.657391875000000000e+05
6.434845625000000000e+05
6.191872500000000000e+05
5.936131250000000000e+05
5.679153125000000000e+05
5.434400625000000000e+05
5.213825312500000000e+05
5.023649375000000000e+05
4.863493125000000000e+05
4.728354375000000000e+05
4.610116562500000000e+05
4.498915625000000000e+05
4.386152812500000000e+05
4.267369062500000000e+05
4.142278437500000000e+05
4.013050000000000000e+05
3.883384687500000000e+05
3.758119375000000000e+05
3.641819375000000000e+05
3.537014687500000000e+05
3.443779375000000000e+05
3.360496875000000000e+05
3.284524062500000000e+05
3.212619062500000000e+05
3.141742812500000000e+05
3.069942187500000000e+05
2.996636250000000000e+05
2.922352812500000000e+05
2.848384687500000000e+05
2.776400937500000000e+05
2.707886562500000000e+05
2.643733750000000000e+05
2.584206875000000000e+05
2.529036562500000000e+05
2.477428750000000000e+05
2.428209843750000000e+05
2.380244062500000000e+05
2.332789687500000000e+05
2.285533437500000000e+05
2.238476406250000000e+05
2.191894843750000000e+05
2.146296093750000000e+05
2.102222656250000000e+05
2.060040625000000000e+05
2.019887343750000000e+05
1.981722031250000000e+05
1.945338750000000000e+05
1.910381562500000000e+05
1.876455156250000000e+05
1.843252968750000000e+05
1.810590937500000000e+05
1.778384843750000000e+05
1.746671093750000000e+05
1.715602187500000000e+05
1.685353906250000000e+05
1.656030000000000000e+05
1.627678281250000000e+05
1.600331562500000000e+05
1.573963281250000000e+05
1.548447187500000000e+05
1.523623750000000000e+05
1.499387812500000000e+05
1.475675625000000000e+05
1.452419531250000000e+05
1.429581875000000000e+05
1.407198593750000000e+05
1.385331562500000000e+05
1.364004843750000000e+05
1.343221406250000000e+05
1.323000937500000000e+05
1.303349218750000000e+05
1.284221640625000000e+05
1.265557187500000000e+05
1.247323828125000000e+05
1.229497187500000000e+05
1.212033593750000000e+05
1.194900000000000000e+05
1.178105625000000000e+05
1.161670156250000000e+05
1.145586250000000000e+05
1.129842812500000000e+05
1.058695781250000000e+05
1.057676015625000000e+05
7.436077343750000000e+04
5.199563671875000000e+04
3.617957812500000000e+04
2.506358007812500000e+04
1.729331640625000000e+04
1.188865429687500000e+04
8.146027343750000000e+03
5.564702148437500000e+03
3.790828857421875000e+03
2.575844238281250000e+03
1.746181518554687500e+03
1.181192749023437500e+03
7.974155883789062500e+02
5.373331909179687500e+02
3.614544982910156250e+02
2.427516479492187500e+02
1.627835845947265625e+02
1.090013122558593750e+02
7.288687896728515625e+01
4.867153167724609375e+01
3.245669937133789062e+01
2.161279106140136719e+01
