# d_z
1.000000000000000000e+00
9.953276112050207791e-01
9.906647756786078896e-01
9.860120050098516442e-01
9.813699335411870672e-01
9.767391693733560309e-01
9.721203318132274340e-01
9.675140132428674544e-01
9.629207783986892810e-01
9.583410475570691700e-01
9.537755206419291643e-01
9.492244807313523491e-01
9.446886867089376860e-01
9.401683986731393938e-01
9.356640791327069939e-01
9.311763182003708339e-01
9.267053964539192501e-01
9.222517598221265933e-01
9.178158215291850608e-01
9.133978394323397643e-01
9.089983608905967127e-01
9.046176148828187769e-01
9.002559160608255562e-01
8.959135426147439851e-01
8.915908600860522615e-01
8.872882398447191621e-01
8.830057652002385460e-01
8.787438150781518020e-01
8.745026047598251084e-01
8.702823522506591969e-01
8.660832354812296741e-01
8.619055633651516724e-01
8.577494330960159230e-01
8.536150290111523820e-01
8.495025810276054523e-01
8.454121902576254843e-01
8.413440461942247595e-01
8.372982959649870605e-01
8.332749097622957901e-01
8.292742130965756742e-01
8.252961765048851817e-01
8.213409486575966589e-01
8.174085884765338594e-01
8.134992452586451428e-01
8.096127944341805494e-01
8.057495212417027375e-01
8.019092982698994287e-01
7.980923188734834195e-01
7.942984513184156992e-01
7.905279345468455565e-01
7.867805387326938238e-01
7.830564537614860265e-01
7.793555856035837559e-01
7.756779797533285281e-01
7.720235603988333528e-01
7.683924412071962973e-01
7.647845177042892351e-01
7.611996569522808676e-01
7.576380395007112911e-01
7.540995029762461721e-01
7.505840033071212725e-01
7.470914686422395201e-01
7.436219483076428327e-01
7.401753150751789745e-01
7.367514875236691463e-01
7.333503552976777806e-01
7.299719816475245260e-01
7.266162247427975229e-01
7.232829379903862321e-01
7.199721759756427808e-01
7.166837334828900508e-01
7.134175293418830721e-01
7.101734787949103289e-01
7.069515721157025867e-01
7.037516392431747425e-01
7.005735578584240120e-01
6.974172545184619265e-01
6.942826790943787962e-01
6.911695639046354644e-01
6.880779577314111162e-01
6.850077187583730742e-01
6.819586190394414382e-01
6.789306976190713216e-01
6.759236905352306035e-01
6.729376301981619957e-01
6.699722709077367000e-01
6.670275274203131266e-01
6.641032552208530060e-01
6.611994174862174667e-01
6.583157777006279909e-01
6.554522913033068443e-01
6.526087406286447123e-01
6.497850450139340817e-01
6.469811205553377409e-01
6.441968512828839533e-01
6.414319728798764109e-01
6.386864178670312864e-01
6.359601158342745864e-01
6.332528762900309083e-01
6.305645625348876848e-01
