# da
0.000000000000000000e+00
4.214405033397219569e+01
8.329376288401499551e+01
1.234770603868967811e+02
1.627208238320257294e+02
2.010509428520065285e+02
2.384923631848631373e+02
2.750691314019854872e+02
3.108044370813968840e+02
3.457206525927511507e+02
3.798393706483142296e+02
4.131814397630176927e+02
4.457669977564681858e+02
4.776155034203258083e+02
5.087457664657845839e+02
5.391759758579117943e+02
5.689237266361864158e+02
5.980060453137876948e+02
6.264394139418706118e+02
6.542397929192630954e+02
6.814226426226271087e+02
7.080029439271429510e+02
7.339952176831524184e+02
7.594135432099367335e+02
7.842715758638051966e+02
8.085825637340029743e+02
8.323593635165161686e+02
8.556144556126766929e+02
8.783599584964800897e+02
9.006076423918194678e+02
9.223689422982331507e+02
9.436549704013864357e+02
9.644765279022927871e+02
9.848441162971688527e+02
1.004767948137915027e+03
1.024257957301372471e+03
1.043323808793824128e+03
1.061974908115628523e+03
1.080220410209403099e+03
1.098069228013762086e+03
1.115530040643350276e+03
1.132611301214690002e+03
1.149321244336208565e+03
1.165667893279770624e+03
1.181659066850036197e+03
1.197302385967008831e+03
1.212605279976298789e+03
1.227574992700765506e+03
1.242218588246451418e+03
1.256542956574985055e+03
1.270554818853952838e+03
1.284260732596094840e+03
1.297667096597582258e+03
1.310780155685058389e+03
1.323606005280599675e+03
1.336150595793261573e+03
1.348419736845370153e+03
1.360419101341320129e+03
1.372154229386193492e+03
1.383630532061112717e+03
1.394853295061911922e+03
1.405827682207315092e+03
1.416558738822503074e+03
1.427051395003657717e+03
1.437310468768733699e+03
1.447340669099480692e+03
1.457146598879459134e+03
1.466732757732534083e+03
1.476103544766132927e+03
1.485263261223302152e+03
1.494216113047414638e+03
1.502966213363178213e+03
1.511517584877409035e+03
1.519874162202864682e+03
1.528039794108268779e+03
1.536018245697504199e+03
1.543813200520799683e+03
1.551428262620608621e+03
1.558866958514742237e+03
1.566132739119186454e+03
1.573228981612944153e+03
1.580158991247092899e+03
1.586926003100183380e+03
1.593533183781983780e+03
1.599983633087480712e+03
1.606280385602971819e+03
1.612426412265999488e+03
1.618424621880770246e+03
1.624277862590678978e+03
1.629988923309432948e+03
1.635560535112245816e+03
1.640995372588471128e+03
1.646296055157027013e+03
1.651465148345855596e+03
1.656505165036658809e+03
1.661418566676050659e+03
1.666207764454261223e+03
1.670875120452448755e+03
1.675422948759646033e+03
1.679853516560326170e+03
