# f_z
4.625126336276541017e-01
4.684600088843159926e-01
4.743737284938763787e-01
4.802527350750716573e-01
4.860960063206203885e-01
4.919025471799988725e-01
4.976714408051942096e-01
5.034017624253989132e-01
5.090926633258581191e-01
5.147433165323596072e-01
5.203529459735579676e-01
5.259208006302620309e-01
5.314461865423558695e-01
5.369284377285614696e-01
5.423669223804241657e-01
5.477610708023663566e-01
5.531103049197392263e-01
5.584141287484041261e-01
5.636720783295828818e-01
5.688836731837266791e-01
5.740485355923933275e-01
5.791662831025036207e-01
5.842365884539187926e-01
5.892591322177038737e-01
5.942336399666307001e-01
5.991598803748520163e-01
6.040376302758332372e-01
6.088667149796700429e-01
6.136469771139391183e-01
6.183783115838592526e-01
6.230605946964883346e-01
6.276937745841347782e-01
6.322778069215775343e-01
6.368126610385030917e-01
6.412983559145675194e-01
6.457349324757351017e-01
6.501224085818603227e-01
6.544608904286868256e-01
6.587504625190504504e-01
6.629912502568364729e-01
6.671833827572164477e-01
6.713270207629473685e-01
6.754223240268706352e-01
6.794694964554613970e-01
6.834687388733219349e-01
6.874202789399925795e-01
6.913243576829560810e-01
6.951812156334387094e-01
6.989911292230402973e-01
7.027543901893962275e-01
7.064712667669017510e-01
7.101420748682223394e-01
7.137671328710349927e-01
7.173467502398300777e-01
7.208812815178230471e-01
7.243710537574874486e-01
7.278164330048784159e-01
7.312177785185142165e-01
7.345754509563287016e-01
7.378898314212434251e-01
7.411612889055156916e-01
7.443902415590926136e-01
7.475770563724529749e-01
7.507221275321679377e-01
7.538258702717743898e-01
7.568886952814614100e-01
7.599110158403515891e-01
7.628932151324699928e-01
7.658357344559294511e-01
7.687390038240607959e-01
7.716034168590234499e-01
7.744294108775825469e-01
7.772174016090741544e-01
7.799678183395847286e-01
7.826810900576798291e-01
7.853576469477329125e-01
7.879978967913792154e-01
7.906022818927596063e-01
7.931712123141426707e-01
7.957051380325596002e-01
7.982044594320210074e-01
8.006696132031634328e-01
8.031010192587869634e-01
8.054990821722750605e-01
8.078642477371047459e-01
8.101969108194132518e-01
8.124974908076900704e-01
8.147664098121430998e-01
8.170040763617558710e-01
8.192108937995187246e-01
8.213872570812836837e-01
8.235335804599666076e-01
8.256502571506674215e-01
8.277376922195510689e-01
8.297962671968152071e-01
8.318263758967644472e-01
8.338284224907362985e-01
8.358027644227459252e-01
8.377497912187094053e-01
8.396698872678953762e-01
