# fsigma_8
3.700101069021231037e-01
3.730188756793914595e-01
3.759601385488804404e-01
3.788338266762600881e-01
3.816399035059066525e-01
3.843783863239834120e-01
3.870493521090080380e-01
3.896529137967064682e-01
3.921892222032858366e-01
3.946584934175721426e-01
3.970609680911916795e-01
3.993969330566952691e-01
4.016667185132710705e-01
4.038706883705428519e-01
4.060092354436645734e-01
4.080828058844263584e-01
4.100918584021915891e-01
4.120368930410637232e-01
4.139184478446398807e-01
4.157370631713245834e-01
4.174933369252939452e-01
4.191878706387161535e-01
4.208213071928796345e-01
4.223942918215051190e-01
4.239075017720497218e-01
4.253616418526954823e-01
4.267574174100379758e-01
4.280955660193144774e-01
4.293768264616819597e-01
4.306019730912651888e-01
4.317717660331579221e-01
4.328870016172469692e-01
4.339484713951780037e-01
4.349569790705508643e-01
4.359133413067390883e-01
4.368183896959642598e-01
4.376729343849871667e-01
4.384778209798677606e-01
4.392338791147619714e-01
4.399419588978434881e-01
4.406028918805763861e-01
4.412175345388602010e-01
4.417867181784165265e-01
4.423113000217773760e-01
4.427921169820979164e-01
4.432300167692049819e-01
4.436258344058779390e-01
4.439804133249796725e-01
4.442945786862492197e-01
4.445691719304825651e-01
4.448050122313575439e-01
4.450029119476243689e-01
4.451636964334630964e-01
4.452881653800555006e-01
4.453771284086227578e-01
4.454313694105523358e-01
4.454516846132787755e-01
4.454388499552339176e-01
4.453936299198414939e-01
4.453167899564782206e-01
4.452090852883591188e-01
4.450712666228966441e-01
4.449040570131819750e-01
4.447081892239912460e-01
4.444843770425767615e-01
4.442333310131192370e-01
4.439557477961714738e-01
4.436523048554105175e-01
4.433236889218351018e-01
4.429705646092046423e-01
4.425935808188203313e-01
4.421933894790344155e-01
4.417706221409288259e-01
4.413259007117348864e-01
4.408598430744228303e-01
4.403730565979351308e-01
4.398661211272875682e-01
4.393396289213701289e-01
4.387941436202246748e-01
4.382302334572548141e-01
4.376484429037267865e-01
4.370493186048755585e-01
4.364333828125694370e-01
4.358011560733145995e-01
4.351531495959289897e-01
4.344898628221490755e-01
4.338117805626320322e-01
4.331193851032159037e-01
4.324131449876683631e-01
4.316935177921362721e-01
4.309609512760392280e-01
4.302158851435711195e-01
4.294587508881017035e-01
4.286899705318186760e-01
4.279099511793630906e-01
4.271190983783283990e-01
4.263178103678784137e-01
4.255064640752788119e-01
4.246854356445738388e-01
4.238550957696757271e-01
