# h
7.100000000000001421e+01
7.127126771223800006e+01
7.154695675563199586e+01
7.182707054105168254e+01
7.211161161301063771e+01
7.240058166487042968e+01
7.269398155446735643e+01
7.299181132013075057e+01
7.329407019706252413e+01
7.360075663404691682e+01
7.391186831045976646e+01
7.422740215354737359e+01
7.454735435594396620e+01
7.487172039339890262e+01
7.520049504268369844e+01
7.553367239965056967e+01
7.587124589741345915e+01
7.621320832462512840e+01
7.655955184382214895e+01
7.691026800981255462e+01
7.726534778808017734e+01
7.762478157318155070e+01
7.798855920711081069e+01
7.835666999761096463e+01
7.872910273640843570e+01
7.910584571735030579e+01
7.948688675442450347e+01
7.987221319964314148e+01
8.026181196077136804e+01
8.065566951888435199e+01
8.105377194573630106e+01
8.145610492092590960e+01
8.186265374884474966e+01
8.227340337539439474e+01
8.268833840446059469e+01
8.310744311413270680e+01
8.353070147265839296e+01
8.395809715412293883e+01
8.438961355384614649e+01
8.482523380348725084e+01
8.526494078585204761e+01
8.570871714939552533e+01
8.615654532241494223e+01
8.660840752692816125e+01
8.706428579223420172e+01
8.752416196815197225e+01
8.798801773793532277e+01
8.845583463086229870e+01
8.892759403449736055e+01
8.940327720662598665e+01
8.988286528686177235e+01
9.036633930792605440e+01
9.085368020660143884e+01
9.134486883436059657e+01
9.183988596767200363e+01
9.233871231798516988e+01
9.284132854139789970e+01
9.334771524800869713e+01
9.385785301095795319e+01
9.437172237516094242e+01
9.488930386573744613e+01
9.541057799614181079e+01
9.593552527599783275e+01
9.646412621864341475e+01
9.699636134839015256e+01
9.753221120750208684e+01
9.807165636289960275e+01
9.861467741259386344e+01
9.916125499185652359e+01
9.971136977913120347e+01
1.002650025016917255e+02
1.008221339410531670e+02
1.013827449381414283e+02
1.019468163982270994e+02
1.025143292956294943e+02
1.030852646781968360e+02
1.036596036715681066e+02
1.042373274832229413e+02
1.048184174063245990e+02
1.054028548233628442e+02
1.059906212096016560e+02
1.065816981363375788e+02
1.071760672739751215e+02
1.077737103949236257e+02
1.083746093763221268e+02
1.089787462025972502e+02
1.095861029678595457e+02
1.101966618781433738e+02
1.108104052534963273e+02
1.114273155299222680e+02
1.120473752611835607e+02
1.126705671204677941e+02
1.132968739019230355e+02
1.139262785220668377e+02
1.145587640210738414e+02
1.151943135639459257e+02
1.158329104415697799e+02
1.164745380716661600e+02
1.171191799996349374e+02
1.177668198993001170e+02
