# rs_dv
inf
3.560379666533378451e+00
1.784761346091596756e+00
1.192926436207584207e+00
8.970372881947789034e-01
7.195263674950811428e-01
6.012044920116365043e-01
5.167048661578022006e-01
4.533440893705215635e-01
4.040758256156309347e-01
3.646722711906343339e-01
3.324430037264622939e-01
3.055944066886929211e-01
2.828847441092190995e-01
2.634270604330601895e-01
2.465709204265068011e-01
2.318284966197049490e-01
2.188267435341434697e-01
2.072755138341964842e-01
1.969457430622285066e-01
1.876541789529714011e-01
1.792524738007076901e-01
1.716192516351498498e-01
1.646542448294189831e-01
1.582738965557327904e-01
1.524080186514146784e-01
1.469972207462671432e-01
1.419909106946347366e-01
1.373457234859672416e-01
1.330242752080164348e-01
1.289941662170371595e-01
1.252271772424295437e-01
1.216986162213987005e-01
1.183867838905886816e-01
1.152725336847140181e-01
1.123389070807816886e-01
1.095708297179207591e-01
1.069548567947248979e-01
1.044789586666666076e-01
1.021323394281819369e-01
9.990528270710515024e-02
9.778902002543934935e-02
9.577561796540694228e-02
9.385788107945342018e-02
9.202926803948438539e-02
9.028381896590088884e-02
8.861609223515901079e-02
8.702110935416065840e-02
8.549430672506443118e-02
8.403149331617258688e-02
8.262881341204628138e-02
8.128271374570252006e-02
7.998991442300019961e-02
7.874738313836358861e-02
7.755231225519164384e-02
7.640209838635990403e-02
7.529432416230806557e-02
7.422674191806515054e-02
7.319725906762085399e-02
7.220392496545340044e-02
7.124491908171616539e-02
7.031854034033925560e-02
6.942319748875409868e-02
6.855740038461898000e-02
6.771975209925404360e-02
6.690894174983570697e-02
6.612373798306177275e-02
6.536298304222776245e-02
6.462558735766070483e-02
6.391052460742061014e-02
6.321682720124623123e-02
6.254358214602095956e-02
6.188992725566996173e-02
6.125504767246488236e-02
6.063817267028199370e-02
6.003857271350138830e-02
5.945555674800540730e-02
5.888846970317872936e-02
5.833669018597795186e-02
5.779962835005496985e-02
5.727672392461931328e-02
5.676744438923859298e-02
5.627128328212127606e-02
5.578775863062705731e-02
5.531641149382204165e-02
5.485680460785394980e-02
5.440852112578060951e-02
5.397116344425494788e-02
5.354435211015909357e-02
5.312772480090226235e-02
5.272093537265474389e-02
5.232365297129456388e-02
5.193556120129683845e-02
5.155635734820676608e-02
5.118575165070750332e-02
5.082346661863074155e-02
5.046923639356115654e-02
5.012280614896300751e-02
4.978393152700723301e-02
4.945237810950549318e-02
