# sigma_8
7.999999999999996003e-01
7.962662097193161648e-01
7.925399657829779176e-01
7.888217994574084901e-01
7.851121970629474367e-01
7.814116607599720377e-01
7.777206413186817935e-01
7.740396297369950274e-01
7.703690319187624924e-01
7.667093107225642079e-01
7.630608631383986040e-01
7.594241045002576573e-01
7.557994180493728953e-01
7.521871817389479409e-01
7.485877524789089632e-01
7.450014753451942306e-01
7.414287073564814756e-01
7.378697490419493521e-01
7.343249093892831869e-01
7.307945064492263887e-01
7.272788118768717114e-01
7.237780977048456910e-01
7.202926271812426506e-01
7.168226485210416055e-01
7.133684013511155664e-01
7.099301134558221316e-01
7.065079988727848148e-01
7.031022643988816823e-01
6.997130964143204457e-01
6.963406785538120980e-01
6.929851923045895479e-01
6.896467977622481316e-01
6.863256414264772287e-01
6.830218770481580881e-01
6.797356289570942733e-01
6.764670265262111570e-01
6.732161953003615862e-01
6.699832295443273189e-01
6.667682287996264945e-01
6.635712895568594005e-01
6.603924846864911435e-01
6.572319017301386790e-01
6.540896006286589515e-01
6.509656464773624363e-01
6.478600875177227270e-01
6.447729727331714678e-01
6.417043309348090530e-01
6.386542146718268143e-01
6.356226282586767695e-01
6.326095975162370211e-01
6.296151494836657037e-01
6.266392707828238873e-01
6.236819768414528786e-01
6.207432670897060634e-01
6.178231282006332314e-01
6.149215475963490940e-01
6.120385091803677291e-01
6.091739876151760491e-01
6.063279535682721821e-01
6.035003749797680506e-01
6.006912286876264773e-01
5.979004583546319029e-01
5.951280248915568061e-01
5.923738929687213384e-01
5.896379980728549963e-01
5.869202879928386851e-01
5.842207028742972819e-01
5.815391932386946294e-01
5.788756896239430905e-01
5.762301150399103955e-01
5.736024117421512081e-01
5.709925052793919376e-01
5.684003230323080302e-01
5.658257819550051027e-01
5.632688059985371254e-01
5.607293165214991548e-01
5.582072273522085126e-01
5.557024549303841710e-01
5.532149135115562721e-01
5.507445063642693039e-01
5.482911523886306870e-01
5.458547588142049767e-01
5.434352246438072243e-01
5.410324675951749818e-01
5.386463763123932047e-01
5.362768692646787683e-01
5.339238403448939296e-01
5.315871885330646363e-01
5.292668145711956207e-01
5.269626186120791589e-01
5.246745034825780474e-01
5.224023589946186208e-01
5.201460874852397165e-01
5.179055811537357501e-01
5.156807376645733410e-01
5.134714536045643651e-01
5.112776188348445716e-01
5.090991346136051199e-01
5.069358895652678054e-01
5.047877769545943138e-01
