# ee
5.557010290972349414e-02
8.855978751815789252e-02
9.640538723682287592e-02
8.229779921603988524e-02
5.811854539408001924e-02
3.525963824709790057e-02
1.973843475081771270e-02
1.197517674936168612e-02
9.250893319105880225e-03
8.479137748749587811e-03
7.802538905913489545e-03
6.782800830149041810e-03
5.781554742118320302e-03
5.222699874850200014e-03
5.198812414953426358e-03
5.473771037576325403e-03
5.791248029634684172e-03
6.082564743732030328e-03
6.345584936115745284e-03
6.737127088427903761e-03
7.429685865417862481e-03
8.427220662586635755e-03
9.697151079138975963e-03
1.119836343295264013e-02
1.289911825222382798e-02
1.478907377832051895e-02
1.684701027375644714e-02
1.908552114727905119e-02
2.151377796990704486e-02
2.408431494470298848e-02
2.678230995950209650e-02
2.961271799455141018e-02
3.265671056198771877e-02
3.594330110774497655e-02
3.950498446249342543e-02
4.333106802987363171e-02
4.737824081190129127e-02
5.166328410008217548e-02
5.622062075175773138e-02
6.107658126737464804e-02
6.622460673528320074e-02
7.164974875292888512e-02
7.733490469618473084e-02
8.326014916782877029e-02
8.941070810830270554e-02
9.580414960209805708e-02
1.024592560457374957e-01
1.093940670007187560e-01
1.166377645539145302e-01
1.242130131625428235e-01
1.321119497550528876e-01
1.403157366200893097e-01
1.488062788813215853e-01
1.575669673324693043e-01
1.665799082011837073e-01
1.758488115117428918e-01
1.853850167426565054e-01
1.952006062074592707e-01
2.053002338694359108e-01
2.156866459038485062e-01
2.263549573338686505e-01
2.372991182296700641e-01
2.485123358264017535e-01
2.599900458642875334e-01
2.717215683108352708e-01
2.836985021035892118e-01
2.959100445825022518e-01
3.083476215926023722e-01
3.210034018139428236e-01
3.338723300034815433e-01
3.469507983704710474e-01
3.602342610259440248e-01
3.737122294007330092e-01
3.873734720906456541e-01
4.012048100844223253e-01
4.151971593029359919e-01
4.293402308950172164e-01
4.436244788445216636e-01
4.580403571353052761e-01
4.725778617247278768e-01
4.872266421342167364e-01
5.019744041886531338e-01
5.168095965479433396e-01
5.317199250369689656e-01
5.466951922405904885e-01
5.617217024231859757e-01
5.767863709390621541e-01
5.918761131425264166e-01
6.069733873777356514e-01
6.220646589750503663e-01
6.371353360040699076e-01
6.521711193454715616e-01
6.671599383850079779e-01
6.820867511683318396e-01
6.969380014111454802e-01
7.116993899941266299e-01
7.263558749629277500e-01
7.408939000332515068e-01
7.553021374258753751e-01
7.695662880214767521e-01
7.836646243504834519e-01
7.975977039940728153e-01
8.113363711324226291e-01
8.248737549964602067e-01
8.381955564668631675e-01
8.512949047745592690e-01
8.641500724499759922e-01
8.767541887240406506e-01
8.890855261271808363e-01
9.011371786352254665e-01
9.129020992036070981e-01
9.243583488321601704e-01
9.354914168709685951e-01
9.463016493706161159e-01
9.567745356811870883e-01
9.668881368025151746e-01
9.766427987851848957e-01
9.860240109792800522e-01
9.950246910851344717e-01
1.003630328452832288e+00
1.011833840782708105e+00
1.019628145775094863e+00
1.026998732780077361e+00
1.033945947848239344e+00
1.040455280329665166e+00
1.046527076274938350e+00
1.052146825034143474e+00
1.057314872657864058e+00
1.062016708496184236e+00
1.066252708901546331e+00
1.070023371433822756e+00
1.073314367254245560e+00
1.076141080925045346e+00
1.078481755257203023e+00
1.080344346462700056e+00
1.081721954053017409e+00
1.082622534240136325e+00
1.083039186535537768e+00
1.082972438800952730e+00
1.082437675598612703e+00
1.081420568089748402e+00
1.079929072486341068e+00
1.077971145000371944e+00
1.075539885143321772e+00
1.072650677477422043e+00
1.069311478214653777e+00
1.065522815216747743e+00
1.061292644695685627e+00
1.056628922863447784e+00
1.051539544314282759e+00
1.046032157171504107e+00
1.040121776290942934e+00
1.033823416528429684e+00
1.027137236039295187e+00
1.020085678029620579e+00
1.012668900654736026e+00
1.004916775470972912e+00
9.968294606336614017e-01
9.884293993488825203e-01
9.797316064724671536e-01
9.707510968602458545e-01
9.615177420685493415e-01
9.520317002527086681e-01
9.423154146188043034e-01
9.323913283729172718e-01
9.222818847211280424e-01
9.120095268695175283e-01
9.015966980241664208e-01
8.910584130409056058e-01
8.804245434760658018e-01
8.697175325357276998e-01
8.589598234259721021e-01
8.481738593528796999e-01
8.373969402230313497e-01
8.266440608614992192e-01
8.159524210210706840e-01
8.053443437232751245e-01
7.948421519896414766e-01
7.844830255421987308e-01
7.742967157527260724e-01
7.643129739930024646e-01
7.545541232845569546e-01
7.450573433494186437e-01
7.358598139096164115e-01
7.269838579866796380e-01
7.184599697874121116e-01
7.103283003739429002e-01
7.026200867881010614e-01
6.953695374118158412e-01
6.886086321219409001e-01
6.823723221354307533e-01
6.766940729991890446e-01
6.716095787651950033e-01
6.671545334854278586e-01
6.633646312118662847e-01
6.602770516665396050e-01
6.579274889014268268e-01
6.563516369685068463e-01
6.555851899197588928e-01
6.556660025759359911e-01
6.566294303075124184e-01
6.585122464187115332e-01
6.613504813787317582e-01
6.651809084917962300e-01
6.700388153920785461e-01
6.759617182188267792e-01
6.829856474412394629e-01
6.911458906934898616e-01
7.004799641148263811e-01
7.110246410094721581e-01
7.228144661765757428e-01
7.358869557553854301e-01
7.502788830501244677e-01
7.660195930147662979e-01
7.831540301388092429e-01
8.017115393762266340e-01
8.217214656809916917e-01
8.432280107075781350e-01
8.662605194099588513e-01
8.908483367421071719e-01
9.170356643584969270e-01
9.448444188628508655e-01
9.743113735593927904e-01
1.005458445051845784e+00
1.038329834994683232e+00
1.072954888341878688e+00
1.109355521697155345e+00
1.147568508364736228e+00
1.187623193298595003e+00
1.229534064752205280e+00
1.273337896029789640e+00
1.319064032085321969e+00
1.366734389522525905e+00
1.416378313295374003e+00
1.468025148357839926e+00
1.521681954613147258e+00
1.577378077015268776e+00
1.635128003817678533e+00
1.694968508324599554e+00
1.756914078789504785e+00
1.820979203465868279e+00
1.887185798957413008e+00
1.955548353517612137e+00
2.026088783750189304e+00
2.098806721208117843e+00
2.173731510845370973e+00
2.250877640915421640e+00
2.330244742971244065e+00
2.411862161966810802e+00
2.495714689376604234e+00
2.581824324914393287e+00
2.670190799865204578e+00
2.760828702214565222e+00
2.853730334897252696e+00
2.948910285898793227e+00
3.046368286504215650e+00
3.146096639648295668e+00
3.248109933316560394e+00
3.352400470443788638e+00
3.458967982315006129e+00
3.567812200215240370e+00
3.678932855429518867e+00
3.792322250892617763e+00
3.907965261189064954e+00
4.025854189253638360e+00
4.145973909670862767e+00
4.268316725375518317e+00
4.392874939302380710e+00
4.519625997685727370e+00
4.648562203460334885e+00
4.779668431210730262e+00
4.912907270470691756e+00
5.048278452525245541e+00
5.185751995258420344e+00
5.325312773254740506e+00
5.466938232748487003e+00
5.610605819973933706e+00
5.756278124464859758e+00
5.903925164105290335e+00
6.053531813479755108e+00
6.205053233771779198e+00
6.358466871215640026e+00
6.513742743695365434e+00
6.670843440744732789e+00
6.829738980247769042e+00
6.990377095037749733e+00
7.152735231348956724e+00
7.316768550364911583e+00
7.482439641619393456e+00
7.649725951346680652e+00
7.818493500527299744e+00
7.988816303948777175e+00
8.160619809393640622e+00
8.333755181141919266e+00
8.508296433981135110e+00
8.684094732191319110e+00
8.861149807057499217e+00
9.039387106362200441e+00
9.218732077887951348e+00
9.399258787486161282e+00
9.580744371253775427e+00
9.763263150361623843e+00
9.946740878975530720e+00
1.013110331126132913e+01
1.031635048488734441e+01
1.050233387051690492e+01
1.068905350581833957e+01
1.087643514495747610e+01
1.106433025859764463e+01
1.125281316790967168e+01
1.144173534355688560e+01
1.163109682320761529e+01
1.182074907752518733e+01
1.201061786067543302e+01
1.220077749382917887e+01
1.239100516414725028e+01
1.258130090929798151e+01
1.277159048344719672e+01
1.296187392426322305e+01
1.315200270240939417e+01
1.334190257205153429e+01
1.353149928735546936e+01
1.372071860248703601e+01
1.390956055511455602e+01
1.409795089940385715e+01
1.428574110601826597e+01
1.447285692912361910e+01
1.465929840638824011e+01
1.484491700847545381e+01
1.502971277305359621e+01
1.521361145428848616e+01
1.539646452284346090e+01
1.557827201638684222e+01
1.575888540558196205e+01
1.593830472809714571e+01
1.611645573809822451e+01
1.629326418975102442e+01
1.646865583722137671e+01
1.664263071817760675e+01
1.681496601978054528e+01
1.698566177969851410e+01
1.715464375209734627e+01
1.732176340764037548e+01
1.748702078399591997e+01
1.765026735182731699e+01
1.781150314880288832e+01
1.797050536208346116e+01
1.812742259634237030e+01
1.828210632224294230e+01
1.843455650846803451e+01
1.858469856425615063e+01
1.873245782986032282e+01
1.887783392903607549e+01
1.902067791853395207e+01
1.916098942210948408e+01
1.929869378001569657e+01
1.943371633250562880e+01
1.956590813632980641e+01
1.969526881524377160e+01
1.982172370950054940e+01
1.994519815935317553e+01
2.006561750505468567e+01
2.018298137036060069e+01
2.029721509552396697e+01
2.040824402079780597e+01
2.051606776993765990e+01
2.062053739969405441e+01
2.072180110082751980e+01
2.081956136308359717e+01
2.091404066072531620e+01
2.100494148349820733e+01
2.109241202216280442e+01
2.117637761697213605e+01
2.125676360817924504e+01
2.133349533603714931e+01
2.140657242430139107e+01
2.147592021322500599e+01
2.154146404306101559e+01
2.160320353756496203e+01
2.166113832049236976e+01
2.171504516509127924e+01
2.176514654562472373e+01
2.181129351884322176e+01
2.185348570850232264e+01
2.189179702186005017e+01
2.192615279916944360e+01
2.195662694768852319e+01
2.198314480767032819e+01
2.200570600287039724e+01
2.202431015704425477e+01
2.203888261044493646e+01
2.204949727033047679e+01
2.205607947695390436e+01
2.205855457056825131e+01
2.205707074193405504e+01
2.205147904780184120e+01
2.204185339542965494e+01
2.202811912507051062e+01
2.201042442748495276e+01
2.198862025226193850e+01
2.196277997085159939e+01
2.193297684754250554e+01
2.189913557961822477e+01
2.186125514786481361e+01
2.181948310007334513e+01
2.177374413352737292e+01
2.172396294551047191e+01
2.167036136731620033e+01
2.161286409622811888e+01
2.155147011303230187e+01
2.148625268201730876e+01
2.141721078396919609e+01
2.134441768317654109e+01
2.126794664392789969e+01
2.118772236350683968e+01
2.110389238970442705e+01
2.101645570330671475e+01
2.092541128509978066e+01
2.083075811586968484e+01
2.073264374340748972e+01
2.063099286499675955e+01
2.052580446142355797e+01
2.041722608047894738e+01
2.030525670294900209e+01
2.018996959312227446e+01
2.007151229878983756e+01
1.994995808424024730e+01
1.982530593025957799e+01
1.969762910113638199e+01
1.956714942816422820e+01
1.943379160862668797e+01
1.929762890681232079e+01
1.915880887051218195e+01
1.901725619700984993e+01
1.887311843409638357e+01
1.872639456255784651e+01
1.857723213018530117e+01
1.842563011776481119e+01
1.827166178958494314e+01
1.811547469343676653e+01
1.795706781010633790e+01
1.779658868738472322e+01
1.763411058956048549e+01
1.746963249741969193e+01
1.730337624225590787e+01
1.713534080485518984e+01
1.696567373300861092e+01
1.679444829100473058e+01
1.662166345962961600e+01
1.644754118371097462e+01
1.627208101170558052e+01
1.609543117260935219e+01
1.591766561191572116e+01
1.573885827511809765e+01
1.555908310770990965e+01
1.537841405518457272e+01
1.519699934653801066e+01
1.501491292726364080e+01
1.483222874285489112e+01
1.464902073880517541e+01
1.446551142761291331e+01
1.428177475477153457e+01
1.409788466577445298e+01
1.391398938961758880e+01
1.373016287179436823e+01
1.354655334130070621e+01
1.336323474363002894e+01
1.318028102427575199e+01
1.299776612873129977e+01
1.281583828599259078e+01
1.263464572505554706e+01
1.245418810791109010e+01
1.227453938005264078e+01
1.209592205397861697e+01
1.191841007518244133e+01
1.174200310565503713e+01
1.156692365789482224e+01
1.139324567739521576e+01
1.122111739315214152e+01
1.105046418365401983e+01
1.088158284490177152e+01
1.071447303888631808e+01
1.054928299460357799e+01
1.038608665754697391e+01
1.022495797320992494e+01
1.006597088708585552e+01
9.909347911673181741e+00
9.755014425460327487e+00
9.603192940945712408e+00
9.453957403622757383e+00
9.307307475482385684e+00
9.163391385520512245e+00
9.022357362733062658e+00
8.884279352613457803e+00
8.749157017152613847e+00
8.617138585346458157e+00
8.488298002688408062e+00
8.362709214671882663e+00
8.240520450292805776e+00
8.121731702224920468e+00
8.006492852878276167e+00
7.894805548340737111e+00
7.786894285207677235e+00
7.682686426064463170e+00
7.582332184003965914e+00
7.485922345317056248e+00
7.393532839594101347e+00
7.305224739724972771e+00
7.221066546949789888e+00
7.141119334158423371e+00
7.065444174240740338e+00
6.994116996787113294e+00
6.927198874687411134e+00
6.864743452481252284e+00
6.806819231408756110e+00
6.753472427659295896e+00
6.704771542472988344e+00
6.660762792039204072e+00
6.621499820897561506e+00
6.587043701937933093e+00
6.557440651349685901e+00
6.532736885322192322e+00
6.512963763344318480e+00
6.498160073255187186e+00
6.488357174543666339e+00
6.483593855048877863e+00
6.483908902609938352e+00
6.489326248365469674e+00
6.499869823454091033e+00
6.515578415714922578e+00
6.536461099586082568e+00
6.562541806206192874e+00
6.593844466713871810e+00
6.630400440597989054e+00
6.672218802296664641e+00
6.719308626248019500e+00
6.771686415240420587e+00
6.829346387011490549e+00
6.892297615999345872e+00
6.960556604992359730e+00
7.034117571728150331e+00
7.112982162294584576e+00
7.197152022779538250e+00
7.286599085869876369e+00
7.381332426003721636e+00
7.481323975867939957e+00
7.586501098047904179e+00
7.697014005636483525e+00
7.812641494214044968e+00
7.933533963810237566e+00
8.059545428191803751e+00
8.190678655067262781e+00
8.326936412145133914e+00
8.468247183631437025e+00
8.614613737234693147e+00
8.765964557160918602e+00
8.922302411118636201e+00
9.083555783313862264e+00
9.249727441455117827e+00
9.420671586245923379e+00
9.596465268897295786e+00
9.776962690112757315e+00
9.962166617600825447e+00
1.015200553556752006e+01
1.034648221172136040e+01
1.054537656326336759e+01
1.074876564140456026e+01
1.095657793035095828e+01
1.116866763080607861e+01
1.138503751047844226e+01
1.160554177007156795e+01
1.183018317729398206e+01
1.205889021635169200e+01
1.229151708794822540e+01
1.252806655979209971e+01
1.276839283258683544e+01
1.301242439053845246e+01
1.326016400135546647e+01
1.351139158223889858e+01
1.376610990089727338e+01
1.402417315803410069e+01
1.428550983785540573e+01
1.455012270806971131e+01
1.481771740237553026e+01
1.508837097198388832e+01
1.536193761759829712e+01
1.563827153992228247e+01
1.591730122316186247e+01
1.619895515152305521e+01
1.648308752570938296e+01
1.676962682992686027e+01
1.705842726487901118e+01
1.734941731477185556e+01
1.764245118030890680e+01
1.793745734569619188e+01
1.823429001163722418e+01
1.853280337883552775e+01
1.883300021499962185e+01
1.913466043733052047e+01
1.943771224889025007e+01
1.974200844466232851e+01
2.004747582198878320e+01
2.035396689470913145e+01
2.066133417666289773e+01
2.096950446519210942e+01
2.127840455763878680e+01
2.158781268433994782e+01
2.189765564263761988e+01
2.220778594637132741e+01
2.251798182587808839e+01
2.282824436200242957e+01
2.313842606858387185e+01
2.344837945946193614e+01
2.375795704847614687e+01
2.406708563296853143e+01
2.437569201028111010e+01
2.468370297775590316e+01
2.499082248222742919e+01
2.529712588804272499e+01
2.560246570904129726e+01
2.590654589205767877e+01
2.620944180143889213e+01
2.651093166752195529e+01
2.681094228764889209e+01
2.710925189215673470e+01
2.740578727838748563e+01
2.770040096018069420e+01
2.799301973487836293e+01
2.828357039982251919e+01
2.857175690184768513e+01
2.885765460530089399e+01
2.914104174051915308e+01
2.942177082134200106e+01
2.969984292861394692e+01
2.997503629267201930e+01
3.024735199436074140e+01
3.051656826401713118e+01
3.078268618248572253e+01
3.104548398010352273e+01
3.130496273771506921e+01
3.156090068565737639e+01
3.181329890477497102e+01
3.206200990890737046e+01
3.230681192839161042e+01
3.254770604407219281e+01
3.278454476978865983e+01
3.301718061938052529e+01
3.324561467369231593e+01
3.346969944656355267e+01
3.368943539790368646e+01
3.390474622037945807e+01
3.411555498572251821e+01
3.432178476566452474e+01
3.452328434843464322e+01
3.472012537276953736e+01
3.491215662689835852e+01
3.509930118255276454e+01
3.528140782796193520e+01
3.545847391836000639e+01
3.563034824197615791e+01
3.579695387054204048e+01
3.595828815929181843e+01
3.611419989645465023e+01
3.626468643726470020e+01
3.640967085345361198e+01
3.654915050025557122e+01
3.668297416589972926e+01
3.681106492211773684e+01
3.693349440764626479e+01
3.705018569421697094e+01
3.716098757005901376e+01
3.726597167390905696e+01
3.736506107749875127e+01
3.745817885255976876e+01
3.754532235432627374e+01
3.762648893803240924e+01
3.770152739190735502e+01
3.777043507118525412e+01
3.783320933110027795e+01
3.788969895988158498e+01
3.793997559626583183e+01
3.798388802848218404e+01
3.802150789526730534e+01
3.805290683535784524e+01
3.807800792048546157e+01
3.809695707288933875e+01
3.810960308079861392e+01
3.811609186645245728e+01
3.811649506858752545e+01
3.811066147543297689e+01
3.809866272572548240e+01
3.808049617469919212e+01
3.805623346109077687e+01
3.802579765663187317e+01
3.798911183305417438e+01
3.794639619609932168e+01
3.789749953399648064e+01
3.784249348548231495e+01
3.778144968929346703e+01
3.771436523007285047e+01
3.764123611009823378e+01
3.756220662806116195e+01
3.747719823214565338e+01
3.738635522104321751e+01
3.728967332644038635e+01
3.718729684702868354e+01
3.707907294748963523e+01
3.696529449351974961e+01
3.684588293330305220e+01
3.672090828202858148e+01
3.659044055488533331e+01
3.645447548355985390e+01
3.631315736674365269e+01
3.616648193612326168e+01
3.601444492338519154e+01
3.585711634371847367e+01
3.569456621231213234e+01
3.552693882785767698e+01
3.535422992204163251e+01
3.517665807705803616e+01
3.499421902459339861e+01
3.480713134684174292e+01
3.461546505899209336e+01
3.441929017623346709e+01
3.421867671375489550e+01
3.401376897024789514e+01
3.380456267739899090e+01
3.359127641740219872e+01
3.337383163844155121e+01
3.315244692271105720e+01
3.292711800189725579e+01
3.269806345819415583e+01
3.246520473978578281e+01
3.222883471236867337e+01
3.198902339113182691e+01
3.174576650776177900e+01
3.149928264445254555e+01
3.124964181639314731e+01
3.099698832227511858e+01
3.074146646078997591e+01
3.048314624712674714e+01
3.022217197997693816e+01
2.995868795803207973e+01
2.969283847998369907e+01
2.942469356102081335e+01
2.915439749983494977e+01
2.888202031161512551e+01
2.860770629505286422e+01
2.833159974883968601e+01
2.805377112432351794e+01
2.777436690099034067e+01
2.749345971098254893e+01
2.721119646994503682e+01
2.692779837702518009e+01
2.664333806436537344e+01
2.635803673111300682e+01
2.607189272590796136e+01
2.578520153140013704e+01
2.549803577973191082e+01
2.521054238654817681e+01
2.492279398399132262e+01
2.463493748770623526e+01
2.434704552983530590e+01
2.405933930952592092e+01
2.377189145892046440e+01
2.348470032665883167e+01
2.319806139539090850e+01
2.291212158076158545e+01
2.262695351491324303e+01
2.234270411349077889e+01
2.205959457564157589e+01
2.177769753350802162e+01
2.149715990273501021e+01
2.121812859896742154e+01
2.094075053785014973e+01
2.066509835152558239e+01
2.039131895563861008e+01
2.011948498233161686e+01
1.984981763075198558e+01
1.958231524953961866e+01
1.931712475433939602e+01
1.905439306079620820e+01
1.879419280105243928e+01
1.853659660725048042e+01
1.828175139503521862e+01
1.802972979654904506e+01
1.778067872743685029e+01
1.753474510334351422e+01
1.729200155641143510e+01
1.705266928578798868e+01
1.681689520711807617e+01
1.658482623604658102e+01
1.635653500471588373e+01
1.613224271227338491e+01
1.591194770735896569e+01
1.569572262211501545e+01
1.548364008868392361e+01
1.527577273920807954e+01
1.507219320582987088e+01
1.487290063315256639e+01
1.467789734963298542e+01
1.448748361370132187e+01
1.430158826627527446e+01
1.412051156578504596e+01
1.394425663665082915e+01
1.377297517029781915e+01
1.360681885815122172e+01
1.344586510813373259e+01
1.329019132816804394e+01
1.313987492617686215e+01
1.299484474307787885e+01
1.285525247029629625e+01
1.272110123225231071e+01
1.259239415336612034e+01
1.246928292506292202e+01
1.235177067176291565e+01
1.223993480138879875e+01
1.213377843836076764e+01
1.203352755760652393e+01
1.193911100004375925e+01
1.185068045709767937e+01
1.176823905318847885e+01
1.169186419623885520e+01
1.162155901066900654e+01
1.155740090440163037e+01
1.149931871835442543e+01
1.144738986045009099e+01
1.140161745510882341e+01
1.136207891025332017e+01
1.132870306680128181e+01
1.130156733267540581e+01
1.128074911579838790e+01
1.126625154059042799e+01
1.125807773147172242e+01
1.125630509636497045e+01
1.126093675969037022e+01
1.127197584586811985e+01
1.128935119581591806e+01
1.131306593395395943e+01
1.134304890119994624e+01
1.137930322197407307e+01
1.142175773719404219e+01
1.147034128777754525e+01
1.152513128164728684e+01
1.158613084322345976e+01
1.165341738042876685e+01
1.172691973418090328e+01
1.180671531240256655e+01
1.189280723951395657e+01
1.198527330025135029e+01
1.208389565259535559e+01
1.218867968184765616e+01
1.229948220630493871e+01
1.241623432776639291e+01
1.253886714803120128e+01
1.266716320189355116e+01
1.280120215815762919e+01
1.294084083512012207e+01
1.308615890158521822e+01
1.323708745935209841e+01
1.339355761021995406e+01
1.355572330649546586e+01
1.372344136647532764e+01
1.389671717546122132e+01
1.407548183525233476e+01
1.425966644764785229e+01
1.444912783094446240e+01
1.464379708694134941e+01
1.484367960094019878e+01
1.504855790773520319e+01
1.525836310912554339e+01
1.547295202340790432e+01
1.569233003588398034e+01
1.591635396485044573e+01
1.614488062860399964e+01
1.637776684544131811e+01
1.661494371716159435e+01
1.685634234556400912e+01
1.710181954894525802e+01
1.735130642910451471e+01
1.760480837134347354e+01
1.786210791045632007e+01
1.812328471524723739e+01
1.838819560401291398e+01
1.865669739505004188e+01
1.892879547366029769e+01
1.920434665814037345e+01
1.948313348328445471e+01
1.976516133439422518e+01
2.005028702976637334e+01
2.033836738769759123e+01
2.062933350998705251e+01
2.092289364792645046e+01
2.121912747031997171e+01
2.151774322845930598e+01
2.181867202414363405e+01
2.212177067566964439e+01
2.242682171783152256e+01
2.273383053593095582e+01
2.304250484690222223e+01
2.335284736425995789e+01
2.366471170015639203e+01
2.397795146674375744e+01
2.429242027617427624e+01
2.460812030760518709e+01
2.492475660618371336e+01
2.524225706756458720e+01
2.556062387090503663e+01
2.587963634485478437e+01
2.619914810156607743e+01
2.651908703669362311e+01
2.683938104589216778e+01
2.715980945781143063e+01
2.748030016810614740e+01
2.780078107243103958e+01
2.812095721593334119e+01
2.844083077777029089e+01
2.876018108659160433e+01
2.907893603805201366e+01
2.939687496080124873e+01
2.971392575049404527e+01
3.003001630278512479e+01
3.034500022982671297e+01
3.065865686026855741e+01
3.097098837326786835e+01
3.128177409747438276e+01
3.159101621204532506e+01
3.189849404563042512e+01
3.220406121038192282e+01
3.250764560195454322e+01
3.280910083250051201e+01
3.310835479767455070e+01
3.340511254262391105e+01
3.369937624650579266e+01
3.399092523796994669e+01
3.427976169617360114e+01
3.456573923326897813e+01
3.484871146140829978e+01
3.512845770924131017e+01
3.540505443942773667e+01
3.567828098061730202e+01
3.594799094496223546e+01
3.621418651161977920e+01
3.647672129274214825e+01
3.673552318398407834e+01
3.699037151399529222e+01
3.724134274543552436e+01
3.748829049045700401e+01
3.773106836121196039e+01
3.796952911640731543e+01
3.820367066797376054e+01
3.843334150739168820e+01
3.865846440964397601e+01
3.887888786621100223e+01
3.909453465207568001e+01
3.930532754222086567e+01
3.951126359513196462e+01
3.971219130228936223e+01
3.990818200568092777e+01
4.009900991328456854e+01
4.028474636708814671e+01
4.046531414207457544e+01
4.064056172972421876e+01
4.081056047202497439e+01
4.097508457695472828e+01
4.113413110299885034e+01
4.128762282514024662e+01
4.143548251836179475e+01
4.157755867414387296e+01
4.171399691797688547e+01
4.184457145783870402e+01
4.196927935221472694e+01
4.208819194309282352e+01
4.220108343845088683e+01
4.230809946377929975e+01
4.240901422705596957e+01
4.250397335377125074e+01
4.259289961890804932e+01
4.267564151394673644e+01
4.275241894788021568e+01
4.282300612868636591e+01
4.288754868185555580e+01
4.294589509886819911e+01
4.299804243820967287e+01
4.304398775836535407e+01
4.308372811782064105e+01
4.311711200805590494e+01
4.314428505456153573e+01
4.316502146531543360e+01
4.317939258230546784e+01
4.318746974751953616e+01
4.318910145243801679e+01
4.318443332255129263e+01
4.317346241634476200e+01
4.315618579230380192e+01
4.313252622541130421e+01
4.310255505765513817e+01
4.306634363102320862e+01
4.302381472049839317e+01
4.297496489384672458e+01
4.291978875595675191e+01
4.285828042099767998e+01
4.279043400313870649e+01
4.271624361654903623e+01
4.263585194240286569e+01
4.254940166187439843e+01
4.245703545613783803e+01
4.235889600636737384e+01
4.225520027723970884e+01
4.214594238292404071e+01
4.203133928809707243e+01
4.191131082342550940e+01
4.178585110307853512e+01
4.165480567422036984e+01
4.151824293452270354e+01
4.137593414764722866e+01
4.122787342776316422e+01
4.107412917254219309e+01
4.091462121265100649e+01
4.074971507977133456e+01
4.057940488807235369e+01
4.040390760223077393e+01
4.022336590342078466e+01
4.003799675631911015e+01
3.984786855859741195e+01
3.965304970792742267e+01
3.945360860198082520e+01
3.924961363842932371e+01
3.904105893144212303e+01
3.882808716219341250e+01
3.861069244485240404e+01
3.838894317709078052e+01
3.816290775658026746e+01
3.793280314799753228e+01
3.769869774901430759e+01
3.746073424080476855e+01
3.721905530454313293e+01
3.697380362140358301e+01
3.672497330555533068e+01
3.647278132167507181e+01
3.621707321692701242e+01
3.595799167248533479e+01
3.569553080251925792e+01
3.542961043769547302e+01
3.516044754269068306e+01
3.488788766466907987e+01
3.461214776830738060e+01
3.433351910178476629e+01
3.405214434627544762e+01
3.376824100150584940e+01
3.348188014039635618e+01
3.319343050492708613e+01
3.290303798657062373e+01
3.261077419329710381e+01
3.231671073307661857e+01
3.202099349738179512e+01
3.172369409418274699e+01
3.142488413144955572e+01
3.112470950065485908e+01
3.082324180976875638e+01
3.052062695026386407e+01
3.021686224660778208e+01
2.991216787377562625e+01
2.960661543973751719e+01
2.930027655246354357e+01
2.899329710342633248e+01
2.868582298409849685e+01
2.837792580245013951e+01
2.806975144995386273e+01
2.776137153457979068e+01
2.745300623130302853e+01
2.714472714809368625e+01
2.683668017642437320e+01
2.652901120776770583e+01
2.622179185009379054e+01
2.591509371137273021e+01
2.560913696657964778e+01
2.530399322368464610e+01
2.499973409065783869e+01
2.469657974247433430e+01
2.439452750360174349e+01
2.409372326551267562e+01
2.379431291967974360e+01
2.349636807407306094e+01
2.319996033666273050e+01
2.290516131541886580e+01
2.261219118531657557e+01
2.232112155432597334e+01
2.203194974691466967e+01
2.174489593805777332e+01
2.146003173572539069e+01
2.117750303139013823e+01
2.089738143302212947e+01
2.061981283209396310e+01
2.034486883657575973e+01
2.007269533794012162e+01
1.980328966065466645e+01
1.953687197969450295e+01
1.927343961952723816e+01
1.901299081118598977e+01
1.875575026247340205e+01
1.850179502075260984e+01
1.825120213338676223e+01
1.800397436423650888e+01
1.776026304416748758e+01
1.752014522054284029e+01
1.728369794072572319e+01
1.705107253558177050e+01
1.682227176897163545e+01
1.659744697176094874e+01
1.637652662430787132e+01
1.615973634098053324e+01
1.594715316914209069e+01
1.573870558915068507e+01
1.553461921537445534e+01
1.533482252817155178e+01
1.513946685840762107e+01
1.494862925344579807e+01
1.476223819364423662e+01
1.458051929337107744e+01
1.440340103298446728e+01
1.423096045984754809e+01
1.406334890482596656e+01
1.390049484827786408e+01
1.374247533756638795e+01
1.358936742005468368e+01
1.344124814310589322e+01
1.329812027058066448e+01
1.315998656633964181e+01
1.302692407774596361e+01
1.289900985216278251e+01
1.277624665345073751e+01
1.265863724547047475e+01
1.254618439208264036e+01
1.243896514065037806e+01
1.233698225503433044e+01
1.224023849909514539e+01
1.214873663669346548e+01
1.206255371519243447e+01
1.198161821495019908e+01
1.190600718332990482e+01
1.183572338419219427e+01
1.177076958139771001e+01
1.171114853880709994e+01
1.165686302028100663e+01
1.160791578968007798e+01
1.156430961086495479e+01
1.152597296419378203e+01
1.149290861352720761e+01
1.146519404690818433e+01
1.144275994809392394e+01
1.142561172502394484e+01
1.141375478563776547e+01
1.140704597086991079e+01
1.140563925566489800e+01
1.140939148095724853e+01
1.141838233818898196e+01
1.143246866829461794e+01
1.145173016271617961e+01
1.147609794589068422e+01
1.150550314225515613e+01
1.153995115974911201e+01
1.157944740631207381e+01
1.162384872287856119e+01
1.167323480089059551e+01
1.172746248128269464e+01
1.178653717199438056e+01
1.185046428096517701e+01
1.191902636562710072e+01
1.199237740092467064e+01
1.207037422779240998e+01
1.215294797066734134e+01
1.224010403748897957e+01
1.233177355269434550e+01
1.242781335721796410e+01
1.252822885899935557e+01
1.263302546597803300e+01
1.274206001908852492e+01
1.285526364276784861e+01
1.297256746145302309e+01
1.309397688308357033e+01
1.321934874859400999e+01
1.334868846592386404e+01
1.348177859250515276e+01
1.361869881977989571e+01
1.375930598868260901e+01
1.390353122365031702e+01
1.405130564912004232e+01
1.420256038952880218e+01
1.435715228581112335e+01
1.451508674590651360e+01
1.467629489425200440e+01
1.484055928827961068e+01
1.500788533592885621e+01
1.517820416163675645e+01
1.535144688984033756e+01
1.552739607797161270e+01
1.570613141747261388e+01
1.588743546577534893e+01
1.607131320515593842e+01
1.625761934823185229e+01
1.644620818195716794e+01
1.663715684379345205e+01
1.683017105368977084e+01
1.702532794910769809e+01
1.722233324999629644e+01
1.742133837731964618e+01
1.762204905102680286e+01
1.782446812507684442e+01
1.802844988642383939e+01
1.823392290552435568e+01
1.844081575283496122e+01
1.864905699881223100e+01
1.885842664690772352e+01
1.906892755108052029e+01
1.928041399828468627e+01
1.949281455897678583e+01
1.970598352011089460e+01
1.991984945214358049e+01
2.013426664202890493e+01
2.034923794372594941e+01
2.056454336068627242e+01
2.078018574686895548e+01
2.099601938922805644e+01
2.121197285822014678e+01
2.142790044079929856e+01
2.164380499092458265e+01
2.185954079555006757e+01
2.207503642513231767e+01
2.229014616662540860e+01
2.250487287398840408e+01
2.271892226717037744e+01
2.293237148363289535e+01
2.314507481033002634e+01
2.335696081771834542e+01
2.356780950924941109e+01
2.377769802238480779e+01
2.398640636057609399e+01
2.419386309427983761e+01
2.440007107745511306e+01
2.460488459705599240e+01
2.480815794003653707e+01
2.500989396035581791e+01
2.520987266146541117e+01
2.540817118082687642e+01
2.560456952189179347e+01
2.579907053861922250e+01
2.599145423446073622e+01
2.618172346337540546e+01
2.636988022000651810e+01
2.655570021122675328e+01
2.673918113510051242e+01
2.692032068969219338e+01
2.709896800606119527e+01
2.727504649876941656e+01
2.744847958237876639e+01
2.761933923845613847e+01
2.778732603105591892e+01
2.795258622524752923e+01
2.811489466858786201e+01
2.827417477563881221e+01
2.843042424446478478e+01
2.858364077313017759e+01
2.873359920919187971e+01
2.888029725071431386e+01
2.902373259576186015e+01
2.916382865889642062e+01
2.930050885467990796e+01
2.943377088117670937e+01
2.956346386944623461e+01
2.968958551755287090e+01
2.981205924005852381e+01
2.993088273502759833e+01
3.004605370052448876e+01
3.015742126760859065e+01
3.026505741784681547e+01
3.036881128229855165e+01
3.046860627552570477e+01
3.056458866259767859e+01
3.065645900756886277e+01
3.074436357550865750e+01
3.082822578097897193e+01
3.090789475503919803e+01
3.098344247925624373e+01
3.105479236819200395e+01
3.112201640341336528e+01
3.118496371597975170e+01
3.124370628745804623e+01
3.129824181591265386e+01
3.134849371590547662e+01
3.139453396900341176e+01
3.143636027327085714e+01
3.147382175976721186e+01
3.150699041005938028e+01
3.153586392221175672e+01
3.156036571078624675e+01
3.158056775734975474e+01
3.159631919296166558e+01
3.160776628269138300e+01
3.161475772563319353e+01
3.161751191053335575e+01
3.161587537666054004e+01
3.160984323028838006e+01
3.159955914469552596e+01
3.158494394265314398e+01
3.156599273043487131e+01
3.154277489781686228e+01
3.151521126757027247e+01
3.148337122947124556e+01
3.144724988979342939e+01
3.140684235481049313e+01
3.136214373079606332e+01
3.131322340752630140e+01
3.126015077477735815e+01
3.120284665532038559e+01
3.114152900593653328e+01
3.107604436589445029e+01
3.100661069197528263e+01
3.093314880695018942e+01
3.085572810059532145e+01
3.077441796268682594e+01
3.068921349949835431e+01
3.060018410080605378e+01
3.050725058938107637e+01
3.041055663850207935e+01
3.031009735444269637e+01
3.020586784347660014e+01
3.009801177888242663e+01
2.998652426693383433e+01
2.987147469740696692e+01
2.975285817657547938e+01
2.963074409421551891e+01
2.950527612360574281e+01
2.937637508751729598e+01
2.924418465922882504e+01
2.910869994501399205e+01
2.897006461815143297e+01
2.882819950141231757e+01
2.868332255157778121e+01
2.853528030791647652e+01
2.838436501071205953e+01
2.823042319923317578e+01
2.807367283026097837e+01
2.791403472656661577e+01
2.775165256142874526e+01
2.758652144112100046e+01
2.741871075541955705e+01
2.724836417760304741e+01
2.707555109744762945e+01
2.690026696690299701e+01
2.672265718762803743e+01
2.654271893995268528e+01
2.636074653821687619e+01
2.617658859574553532e+01
2.599046514337609892e+01
2.580244764494100806e+01
2.561245899726768371e+01
2.542071923119356569e+01
2.522729981055109150e+01
2.503219791567018504e+01
2.483548501038328737e+01
2.463730684202532828e+01
2.443766059092623877e+01
2.423669200442095573e+01
2.403447254634190955e+01
2.383107368052153774e+01
2.362649258728976420e+01
2.342094929748403587e+01
2.321451527493677602e+01
2.300711341647541630e+01
2.279903803643989946e+01
2.259021203165765002e+01
2.238078114946360486e+01
2.217081685369020150e+01
2.196046489167236260e+01
2.174964816023753045e+01
2.153858669022313421e+01
2.132727766195910846e+01
2.111586682278038296e+01
2.090427706951439646e+01
2.069272843299858167e+01
2.048121809356286249e+01
2.026981751503968709e+01
2.005867244476397815e+01
1.984785434656816605e+01
1.963743468428469541e+01
1.942748492174599662e+01
1.921807652278449297e+01
1.900935523473512845e+01
1.880131823792783052e+01
1.859411127969753252e+01
1.838773154037417257e+01
1.818225048379018105e+01
1.797781385728049131e+01
1.777434455767253141e+01
1.757206261580374473e+01
1.737096521200405519e+01
1.717112381010590028e+01
1.697260987394171750e+01
1.677549562457278753e+01
1.657985631197583842e+01
1.638569365985395621e+01
1.619315795891522214e+01
1.600232521636521099e+01
1.581327143940951174e+01
1.562592406824870039e+01
1.544050767709336291e+01
1.525694970614407531e+01
1.507540044610892593e+01
1.489586162069099196e+01
1.471848352059836174e+01
1.454326786953410533e+01
1.437029067470381349e+01
1.419955365981056694e+01
1.403120711556243982e+01
1.386525276566252707e+01
1.370176661731639634e+01
1.354082467772964016e+01
1.338242867060533392e+01
1.322665460314905950e+01
1.307357848256640231e+01
1.292312774905794193e+01
1.277552697683425897e+01
1.263070360609593656e+01
1.248873364404855479e+01
1.234961881439519793e+01
1.221343512434144429e+01
1.208018429759037815e+01
1.194994234134757960e+01
1.182278526281863229e+01
1.169871478570661516e+01
1.157773263371461070e+01
1.145984053054570140e+01
1.134518876690797029e+01
1.123370478300199515e+01
1.112539030253086025e+01
1.102039561620264685e+01
1.091872244772043743e+01
1.082029823728481155e+01
1.072519899210135286e+01
1.063342643587314029e+01
1.054498229230325634e+01
1.045994256859728999e+01
1.037830898845830951e+01
1.030008327558940628e+01
1.022526715369365924e+01
1.015386234647415087e+01
1.008594486113646127e+01
1.002144213788117177e+01
9.960430608324445600e+00
9.902839834719756595e+00
9.848748370736167601e+00
9.798160486540227865e+00
9.751006168795996132e+00
9.707363971172535244e+00
9.667238163836392673e+00
9.630484449949131331e+00
9.597255666682304565e+00
9.567556084202470501e+00
9.541241405671183173e+00
9.518390184757505423e+00
9.499006691627988275e+00
9.483020912946686920e+00
9.470511402382665977e+00
9.461408146599973534e+00
9.455641132262671888e+00
9.453363196542316160e+00
9.454355759097960998e+00
9.458771657101163299e+00
9.466466593713482425e+00
9.477519122603972335e+00
9.491784946934192391e+00
9.509416903875694160e+00
9.530196413087541174e+00
9.554276311741284999e+00
9.581512302998483221e+00
9.611834373523192809e+00
9.645395360486972436e+00
9.681976683548874973e+00
9.721731179880460871e+00
9.764440269140783002e+00
9.810182504998898878e+00
9.858887874118869021e+00
9.910560646667244455e+00
9.965056525805586318e+00
1.002245406520295035e+01
1.008268325152338996e+01
1.014567407143096389e+01
1.021143079509222851e+01
1.027980912566874316e+01
1.035088761682955827e+01
1.042459625523873790e+01
1.050079074405783430e+01
1.057954963695590145e+01
1.066080292059700341e+01
1.074440629814269066e+01
1.083043832326202249e+01
1.091875469911655472e+01
1.100935969587284546e+01
1.110218304004304812e+01
1.119715341753172844e+01
1.129427353759403729e+01
1.139339754248014280e+01
1.149460242494770057e+01
1.159766804374436866e+01
1.170267139162781156e+01
1.180954089435068610e+01
1.191813069416315507e+01
1.202844350032037291e+01
1.214040773857500355e+01
1.225402611818220677e+01
1.236915278139214180e+01
1.248571615395746548e+01
1.260379322863584051e+01
1.272323814767742789e+01
1.284397933683488269e+01
1.296594522186087062e+01
1.308913851201054612e+01
1.321341334953407198e+01
1.333877244368660975e+01
1.346521850372331208e+01
1.359253138839184771e+01
1.372071380694737108e+01
1.384969418514254436e+01
1.397947523223252553e+01
1.410998537396997499e+01
1.424107875260504841e+01
1.437275807739291444e+01
1.450495177408622638e+01
1.463758826843764815e+01
1.477067026970233066e+01
1.490397763662794617e+01
1.503758736197214674e+01
1.517142787148759275e+01
1.530535330742444700e+01
1.543929209553536630e+01
1.557332122857801515e+01
1.570722056530004451e+01
1.584106709845912064e+01
1.597471497030540100e+01
1.610816689009404712e+01
1.624127700007521824e+01
1.637412229300657884e+01
1.650648262763577634e+01
1.663836071321798116e+01
1.676975925900834596e+01
1.690060669075954181e+01
1.703075715072171548e+01
1.716021334815003740e+01
1.728890308244370289e+01
1.741675164758810368e+01
1.754375799471766584e+01
1.766984679146432669e+01
1.779486842195750640e+01
1.791889612083413752e+01
1.804185455572615737e+01
1.816359411076298969e+01
1.828418802058156345e+01
1.840348666931131305e+01
1.852148900808666809e+01
1.863811970453955524e+01
1.875337770980440766e+01
1.886718769151315556e+01
1.897947431729772205e+01
1.909016225479004802e+01
1.919932473862705891e+01
1.930681215293818198e+01
1.941254916535535457e+01
1.951660901051549502e+01
1.961876778904554541e+01
1.971917301908493059e+01
1.981767508476307782e+01
1.991419865371192088e+01
2.000881696056839232e+01
2.010145467296441879e+01
2.019203645853192697e+01
2.028063555190785294e+01
2.036710233722162755e+01
2.045143576560767684e+01
2.053363478820043042e+01
2.061369835613432144e+01
2.069147685353877719e+01
2.076704351505073021e+01
2.084024872479960777e+01
2.091116571742234242e+01
2.097971916055086439e+01
2.104583372181710388e+01
2.110958263585798989e+01
2.117089057030544907e+01
2.122975647629391815e+01
2.128610502145532379e+01
2.133993515692409559e+01
2.139124583383466671e+01
2.143996171981896381e+01
2.148615604951391944e+01
2.152975349055146026e+01
2.157075299406602298e+01
2.160915351119202654e+01
2.164487970956141183e+01
2.167800441464786232e+01
2.170845024826708070e+01
2.173613942307153124e+01
2.176121700222118349e+01
2.178353091486599880e+01
2.180315194066343665e+01
2.182000229226596133e+01
2.183407846582853296e+01
2.184537695750612230e+01
2.185396854695618529e+01
2.185992401383619210e+01
2.186309128729610407e+01
2.186354114699338069e+01
2.186134437258548502e+01
2.185649746022738782e+01
2.184892262257154272e+01
2.183861635577292049e+01
2.182564943948898062e+01
2.180994408637218740e+01
2.179164535958250326e+01
2.177052690476739372e+01
2.174680806858931703e+01
2.172041106370074459e+01
2.169133238625663296e+01
2.165964281591444518e+01
2.162541313233165141e+01
2.158849126465820234e+01
2.154902227605407461e+01
2.150700266267422478e+01
2.146235463717112069e+01
2.141522326270471765e+01
2.136553075192748707e+01
2.131334788449688489e+01
2.125867115656787831e+01
2.120142278079293163e+01
2.114174782033200728e+01
2.107971705484256830e+01
2.101517841347457605e+01
2.094827695938799650e+01
2.087908347224029271e+01
2.080759444818642123e+01
2.073380638338135995e+01
2.065779005748255770e+01
2.057961625014748464e+01
2.049920717402860504e+01
2.041655932528087547e+01
2.033189205056676485e+01
2.024505327903623808e+01
2.015611379034675466e+01
2.006507008065327824e+01
1.997206738110388713e+01
1.987710302779414206e+01
1.978017452480771965e+01
1.968127937622828583e+01
1.958056365314451952e+01
1.947802485964009733e+01
1.937373478330118459e+01
1.926761664470896207e+01
1.915981651495210158e+01
1.905040618161677202e+01
1.893930886528416124e+01
1.882667063704292687e+01
1.871248900097675616e+01
1.859683574467181089e+01
1.847970837221177831e+01
1.836110438768031727e+01
1.824124414566861319e+01
1.811997658325533678e+01
1.799737348802666403e+01
1.787358093107126322e+01
1.774852213297031156e+01
1.762234316481248086e+01
1.749504153068145129e+01
1.736668901816338817e+01
1.723735741484447459e+01
1.710711850831087943e+01
1.697604408614877158e+01
1.684405736893933891e+01
1.671130442777123903e+01
1.657785705023065503e+01
1.644363845689876058e+01
1.630879471886422394e+01
1.617332334021072882e+01
1.603722182502194116e+01
1.590063624438653989e+01
1.576356410238819450e+01
1.562600290311057982e+01
1.548809871764237123e+01
1.534977476656474416e+01
1.521125140446886981e+01
1.507245185193592185e+01
1.493344789655207272e+01
1.479423704240100435e+01
1.465496536057138321e+01
1.451563035514688416e+01
1.437615524670867906e+01
1.423676038984795156e+01
1.409736900514586644e+01
1.395805288018859791e+01
1.381895808606482312e+01
1.367993405557554532e+01
1.354120362192357518e+01
1.340284154702905717e+01
1.326469974230463578e+01
1.312707582017795716e+01
1.298982169206166049e+01
1.285301211987589198e+01
1.271679614904329370e+01
1.258109997447900774e+01
1.244607264160567972e+01
1.231164034533845353e+01
1.217787784759747183e+01
1.204485991030287373e+01
1.191258701187230962e+01
1.178113391422591860e+01
1.165057537928384512e+01
1.152091188546373246e+01
1.139214391118322567e+01
1.126434621836246563e+01
1.113751928541909741e+01
1.101181215777576128e+01
1.088715103034760645e+01
1.076368494855726965e+01
1.064134010731990010e+01
1.052019126855563691e+01
1.040023891068212869e+01
1.028163207912201216e+01
1.016422268528793538e+01
1.004823405810503978e+01
9.933592392488469258e+00
9.820298166855867095e+00
9.708426143127379504e+00
9.598051083223145596e+00
9.489099182058309268e+00
9.381645201553016733e+00
9.275763903627408880e+00
9.171455766699130763e+00
9.068721269185823886e+00
8.967635173007634464e+00
8.868197956582202224e+00
8.770410098327173998e+00
8.674346360162690672e+00
8.579932937003897919e+00
8.487318874273437785e+00
8.396430366886452390e+00
8.307342176763089725e+00
8.219980498818488357e+00
8.134494378475293885e+00
8.050810010648648429e+00
7.968927873756196156e+00
7.888923087263373546e+00
7.810797917314291183e+00
7.734554987598346365e+00
7.660196921804946157e+00
7.587800627125991682e+00
7.517294443748383515e+00
7.448755278864025442e+00
7.382111472659817153e+00
7.317484502429162596e+00
7.254810136709211932e+00
7.194105855889871393e+00
7.135389140361040106e+00
7.078662613812118032e+00
7.023928899932510461e+00
6.971205479112119185e+00
6.920494975040345942e+00
6.871792583056341996e+00
6.825115783550010029e+00
6.780459771860502194e+00
6.737827171677220228e+00
6.697220606689565869e+00
6.658627843886443465e+00
6.622051506957252975e+00
6.587494219591396138e+00
6.554951177128025996e+00
6.524425003256545175e+00
6.495903464965853580e+00
6.469381757595105142e+00
6.444855076483452905e+00
6.422318616970046357e+00
6.401760146043788069e+00
6.383182287394082444e+00
6.366572808009828499e+00
6.351912046529680111e+00
6.339202626643039906e+00
6.328424886988559095e+00
6.319566594555139361e+00
6.312622944681933745e+00
6.307574276007592573e+00
6.304408355521019303e+00
6.303120378561365200e+00
6.303675827066784976e+00
6.306069896376427231e+00
6.310275496778695370e+00
6.316295251962992019e+00
6.324094643867469223e+00
6.333661439481027777e+00
6.344968549092071974e+00
6.358011168039750416e+00
6.372754778262218700e+00
6.389187066840801066e+00
6.407287972876269500e+00
6.427029927211566296e+00
6.448392789039888662e+00
6.471348989204178892e+00
6.495878386897633305e+00
6.521953412963195973e+00
6.549546498243811854e+00
6.578637501932674603e+00
6.609198854872730067e+00
6.641202987906921429e+00
6.674614903527944954e+00
6.709421889279242102e+00
6.745588947653513578e+00
6.783088509493697238e+00
6.821893005642740704e+00
6.861974866943589824e+00
6.903306524239188668e+00
6.945852980022229950e+00
6.989586665135659516e+00
7.034442868671169968e+00
7.080483161674711035e+00
7.127613119836972544e+00
7.175760603899402845e+00
7.224927758105940789e+00
7.275191010203037045e+00
7.326329653927132313e+00
7.378420117024674596e+00
7.431464543739605411e+00
7.485390794813371329e+00
7.540126730987414483e+00
7.595674496505682605e+00
7.651961952109619602e+00
7.709065525545668152e+00
7.766838794052774553e+00
7.825283901874882098e+00
7.884402993255936742e+00
7.944123928937384171e+00
8.004448853163165012e+00
8.065305626674726724e+00
8.126696393716017042e+00
8.188474731525973382e+00
8.250791351353544911e+00
8.313499830437674376e+00
8.376528029519809238e+00
8.439952376346392171e+00
8.503700731658867085e+00
8.567700956198679663e+00
8.631955194209773197e+00
8.696391306433595147e+00
8.761011057896332943e+00
8.825740413250649397e+00
8.890653524936453778e+00
8.955527411383657821e+00
9.020510508534668404e+00
9.085454118321894867e+00
9.150432393185244706e+00
9.215296635057130814e+00
9.280046712874957748e+00
9.344682495576138948e+00
9.409203852098077192e+00
9.473462084373188929e+00
9.537531344841374548e+00
9.601411502440051038e+00
9.664879575599121253e+00
9.728084000260997399e+00
9.790950361860588202e+00
9.853404245832802388e+00
9.915445521115048066e+00
9.977074056644733346e+00
1.003821543785676873e+01
1.009886953368856410e+01
1.015903621307752758e+01
1.021856677795606849e+01
1.027753538076409257e+01
1.033586760693651208e+01
1.039363760891323629e+01
1.045069668862666923e+01
1.050704471501422788e+01
1.056275584051581440e+01
1.061760708356133875e+01
1.067174688009321493e+01
1.072510081554634453e+01
1.077766875885814279e+01
1.082930201196101372e+01
1.088007472729487013e+01
1.092998677379711658e+01
1.097896373690266714e+01
1.102700548554892634e+01
1.107411188867330765e+01
1.112020853171071799e+01
1.116529528359856194e+01
1.120937201327425470e+01
1.125243858967520083e+01
1.129449488173881377e+01
1.133546647489999870e+01
1.137535323809616372e+01
1.141408075676222289e+01
1.145172318333807837e+01
1.148820610325864422e+01
1.152352909079677445e+01
1.155761625806459492e+01
1.159061427301718261e+01
1.162229838609711408e+01
1.165281526525946276e+01
1.168208872795180397e+01
1.171011687512421240e+01
1.173689780772676272e+01
1.176242962670952785e+01
1.178663614952008842e+01
1.180951547710851557e+01
1.183113999392738158e+01
1.185143351742426709e+01
1.187039414854924324e+01
1.188801998825238648e+01
1.190423485398127035e+01
1.191918541369097007e+01
1.193272120132656156e+01
1.194498888484312182e+01
1.195583799818571791e+01
1.196534092580693276e+01
1.197342148515433990e+01
1.198022634418301280e+01
1.198567932034052319e+01
1.198970423107445171e+01
1.199237346083737066e+01
1.199368511057935471e+01
1.199363728125048034e+01
1.199215379029832107e+01
1.198930702217545097e+01
1.198509507783194472e+01
1.197959034172037995e+01
1.197264234778583081e+01
1.196432348048086958e+01
1.195463184075557628e+01
1.194356552956002204e+01
1.193119693134677917e+01
1.191744986356342828e+01
1.190239671066253990e+01
1.188596129009169466e+01
1.186821598630346131e+01
1.184915890024791807e+01
1.182878813287513609e+01
1.180710178513519715e+01
1.178409795797816884e+01
1.175977475235412939e+01
1.173420455271565643e+01
1.170731117651031994e+01
1.167916700819069931e+01
1.164969586520436451e+01
1.161897015411119405e+01
1.158698808639776701e+01
1.155382217916045562e+01
1.151947066599314518e+01
1.148385749698720737e+01
1.144705518923902332e+01
1.140913625984497237e+01
1.137009894239893093e+01
1.132994147049477540e+01
1.128858779422388459e+01
1.124618471418513721e+01
1.120273046397241146e+01
1.115814899367708435e+01
1.111251282039553345e+01
1.106582017772164050e+01
1.101814358275177774e+01
1.096940698557732752e+01
1.091975718679716678e+01
1.086904385300017140e+01
1.081748806828772125e+01
1.076501378275119691e+01
1.071161922998446947e+01
1.065730264358142421e+01
1.060213654063843514e+01
1.054611915474938044e+01
1.048932300301063947e+01
1.043167203551358746e+01
1.037316448585210438e+01
1.031402143812757011e+01
1.025401827542635935e+01
1.019337608184985022e+01
1.013201880748942685e+01
1.006994468593895675e+01
1.000730051779732577e+01
9.944010253155907364e+00
9.880072125608585054e+00
9.815632935754232236e+00
9.750616633684225931e+00
9.685095736494947261e+00
9.618994194277775023e+00
9.552458807631584392e+00
9.485413526647752391e+00
9.417930868422660140e+00
9.350083350052686981e+00
9.281794921629206385e+00
9.213063816746094759e+00
9.144036836002237933e+00
9.074712212991508764e+00
9.005013897805286049e+00
8.935014407539947356e+00
8.864786536446436216e+00
8.794329903891455302e+00
8.723644406396275031e+00
8.652729940482162263e+00
8.581734969675386182e+00
8.510510823492214882e+00
8.439205965458917547e+00
8.367820292096759260e+00
8.296353699927013992e+00
8.224880368973447986e+00
8.153325912254826946e+00
8.081764509794924223e+00
8.010196058115006679e+00
7.938694737238839672e+00
7.867260443687696281e+00
7.795967357485343641e+00
7.724741091650547453e+00
7.653655826207077517e+00
7.582785741178704519e+00
7.512056449584196827e+00
7.441616414949820957e+00
7.371346680192845113e+00
7.301373423788790618e+00
7.231681685558422501e+00
7.162286218723513009e+00
7.093216633206327337e+00
7.024487682228635954e+00
6.956121547362457136e+00
6.888132981829556023e+00
6.820551595552206692e+00
6.753399570102425642e+00
6.686684230351730207e+00
6.620442614572638718e+00
6.554689475986921643e+00
6.489446996166595483e+00
6.424722499983180235e+00
6.360530740658443705e+00
6.296901328114654639e+00
6.233841587223330372e+00
6.171373699556490955e+00
6.109504989985654611e+00
6.048257640082839615e+00
5.987653831420064243e+00
5.927708317219098078e+00
5.868435850701708034e+00
5.809851185089663694e+00
5.751969073604731975e+00
5.694819126169185175e+00
5.638401239304287493e+00
5.582737594582058982e+00
5.527828332114527399e+00
5.473689423077246374e+00
5.420344510586777353e+00
5.367794952708935696e+00
5.316056964210033264e+00
5.265139331506132336e+00
5.215065697713797022e+00
5.165837420898839127e+00
5.117463287477322709e+00
5.069966940565807434e+00
5.023349738230108663e+00
4.977627895236540034e+00
4.932802769650913355e+00
4.888898004589789181e+00
4.845907529768733291e+00
4.803847559954057544e+00
4.762726881561824221e+00
4.722546852657847793e+00
4.683316259658189651e+00
4.645051317329161655e+00
4.607745955386328696e+00
4.571408960245753050e+00
4.536041689973245639e+00
4.501660359335121875e+00
4.468266326397193566e+00
4.435853520875022937e+00
4.404438157534923626e+00
4.374014166092459632e+00
4.344597761313939266e+00
4.316175444564681385e+00
4.288763430610993410e+00
4.262363077518691590e+00
4.236968315003337260e+00
4.212595357831243170e+00
4.189223279017473267e+00
4.166868293328340300e+00
4.145524330479405606e+00
4.125185320186233184e+00
4.105860048864885314e+00
4.087542446230924220e+00
4.070233870350164374e+00
4.053928250938167999e+00
4.038619517710496432e+00
4.024309028732964144e+00
4.010998142071383832e+00
3.998673359091067248e+00
3.987336037857827531e+00
3.976987536437478710e+00
3.967606927845082510e+00
3.959202998496701653e+00
3.951769688059567631e+00
3.945286119307080952e+00
3.939761138365309279e+00
3.935188734659823773e+00
3.931555469265942460e+00
3.928847903258984253e+00
3.927074882765018149e+00
3.926215540509113033e+00
3.926263865916839180e+00
3.927213848413762864e+00
3.929059477425454805e+00
3.931787314027234359e+00
3.935391347644668691e+00
3.939858139353078936e+00
3.945174250227781787e+00
3.951333669694347517e+00
3.958330387178345511e+00
3.966143535404844211e+00
3.974767103799412116e+00
3.984187653437368137e+00
3.994399173744282550e+00
4.005380797445222463e+00
4.017133942316008621e+00
4.029630312731458552e+00
4.042863898117141197e+00
4.056828687898627273e+00
4.071503814800983889e+00
4.086875839899531293e+00
4.102931324269586177e+00
4.119656828986470565e+00
4.137038915125501148e+00
4.155071572112247758e+00
4.173726504321529696e+00
4.193005129529165487e+00
4.212879152109972658e+00
4.233335133139273232e+00
4.254367062042633485e+00
4.275961499895374551e+00
4.298090151072313070e+00
4.320754433349269341e+00
4.343926051101062669e+00
4.367598993753261105e+00
4.391744965680683954e+00
4.416365384659148852e+00
4.441431955063477766e+00
4.466923809618737806e+00
4.492842366100747498e+00
4.519159328884327032e+00
4.545861259044793101e+00
4.572934717657467729e+00
4.600358645221077403e+00
4.628118641679242806e+00
4.656192686398994418e+00
4.684566187097610523e+00
4.713231979842621655e+00
4.742153187300556461e+00
4.771330073889195944e+00
4.800740618975567919e+00
4.830370230276954224e+00
4.860189458810132201e+00
4.890191140642633272e+00
4.920360683491735720e+00
4.950676066724470914e+00
4.981115269707867554e+00
5.011663700159205703e+00
5.042306765795763646e+00
5.073022445984571860e+00
5.103803576793159991e+00
5.134620709238308933e+00
5.165474107737796139e+00
5.196334323308403391e+00
5.227201620367909030e+00
5.258046549933093061e+00
5.288861948071483354e+00
5.319625794150113052e+00
5.350323495886258662e+00
5.380947889347452495e+00
5.411469525550472781e+00
5.441881240562848276e+00
5.472161013751609460e+00
5.502294252834037280e+00
5.532266365527409135e+00
5.562070187899256446e+00
5.591683699316608802e+00
5.621092307496743601e+00
5.650288848507194039e+00
5.679251301714987044e+00
5.707972503187652258e+00
5.736430432292221049e+00
5.764625353446472644e+00
5.792520389316934804e+00
5.820123232671639890e+00
5.847404434527364359e+00
5.874356830951641406e+00
5.900965829661748430e+00
5.927216838374966379e+00
5.953102693158824010e+00
5.978608801730601385e+00
6.003728000157826372e+00
6.028445696157781697e+00
6.052754532667648846e+00
6.076638951752975970e+00
6.100090630699213534e+00
6.123093818441563307e+00
6.145640192265477530e+00
6.167721429456406668e+00
6.189314350599302017e+00
6.210410632979614931e+00
6.231001953882797650e+00
6.251079990594299751e+00
6.270636420399573474e+00
6.289662920584071060e+00
6.308136311732742918e+00
6.326070556181790039e+00
6.343442474516163720e+00
6.360243744021316203e+00
6.376473470332947535e+00
6.392123330736510844e+00
6.407185002517455708e+00
6.421657591311483948e+00
6.435525346053797335e+00
6.448787372380095917e+00
6.461442775926082405e+00
6.473475805626958568e+00
6.484878138768173983e+00
6.495656309335680945e+00
6.505787137914430751e+00
6.515277158490374809e+00
6.524118048348964471e+00
6.532301484775650202e+00
6.539826573406134713e+00
6.546692419876118052e+00
6.552890701471050683e+00
6.558435380527137148e+00
6.563310705979576554e+00
6.567530640164569000e+00
6.571079432017319810e+00
6.573971043874026421e+00
6.576182296319641907e+00
6.577734580040615953e+00
6.578604715621903409e+00
6.578799237049451243e+00
6.578324678309216189e+00
6.577165288336392912e+00
6.575320172766686788e+00
6.572803293936299696e+00
6.569613757480930794e+00
6.565743240686032323e+00
6.561198277537555690e+00
6.555977973671201831e+00
6.550088828008730601e+00
6.543522342514635604e+00
6.536284840789718054e+00
6.528382646434776504e+00
6.519799797999865199e+00
6.510550047436035825e+00
6.500632289993838242e+00
6.490045420923823194e+00
6.478795763826792786e+00
6.466889642303548236e+00
6.454325951604640288e+00
6.441125872031371991e+00
6.427295727184541896e+00
6.412826983964453831e+00
6.397740822672406402e+00
6.382028710208704325e+00
6.365711826874646206e+00
6.348781639570533208e+00
6.331251900247418796e+00
6.313128932506101521e+00
6.294404203246885210e+00
6.275091464420818888e+00
6.255204467978955130e+00
6.234734680821595099e+00
6.213710711600290537e+00
6.192131455565591303e+00
6.169995807968050805e+00
6.147332377459217234e+00
6.124132630939394417e+00
6.100410320359633154e+00
6.076164340970484190e+00
6.051415873073248797e+00
6.026163811918478608e+00
6.000414481106973952e+00
5.974174204239537822e+00
5.947456733267220130e+00
5.920275820141072565e+00
5.892622931761396288e+00
5.864534105129992625e+00
5.836000807147163627e+00
5.807044218114208789e+00
5.777670661631931992e+00
5.747901318001631843e+00
5.717735082473860864e+00
5.687178278649419383e+00
5.656252086829610448e+00
5.624955402264984805e+00
5.593301976906591477e+00
5.561298134355234346e+00
5.528957626561965100e+00
5.496279479266466872e+00
5.463292953565964005e+00
5.429990299295562650e+00
5.396393479691370842e+00
5.362517029639245258e+00
5.328360627324542520e+00
5.293946235983369775e+00
5.259280962151335892e+00
5.224371912364046189e+00
5.189241049857606924e+00
5.153888052817376497e+00
5.118334884479462943e+00
5.082581223029221107e+00
5.046656460053009496e+00
5.010552845385934262e+00
4.974292342264104327e+00
4.937889485573373705e+00
4.901343953499102568e+00
4.864670280927145818e+00
4.827883002743361907e+00
4.790989225483357927e+00
4.754010912383238363e+00
4.716947741628364277e+00
4.679821676454839263e+00
4.642639823398273080e+00
4.605424145694771987e+00
4.568174321529690829e+00
4.530919742489389002e+00
4.493652658408973544e+00
4.456402460874801186e+00
4.419161399721978967e+00
4.381951438186613146e+00
4.344772254454062121e+00
4.307645811760432153e+00
4.270579216641331222e+00
4.233572147282115061e+00
4.196653995269142179e+00
4.159817010437517837e+00
4.123083156023350071e+00
4.086466966912497334e+00
4.049968121290313583e+00
4.013601154042659047e+00
3.977380600055388626e+00
3.941306137513860719e+00
3.905399729654181140e+00
3.869653626311458261e+00
3.834089790721797897e+00
3.798707901070558890e+00
3.763522492243597029e+00
3.728548099126769433e+00
3.693784533866481201e+00
3.659239572803582252e+00
3.624935982940469703e+00
3.590874246228790589e+00
3.557062272970442862e+00
3.523522830167823638e+00
3.490248971422329927e+00
3.457263463736359288e+00
3.424559360711310951e+00
3.392152000999328454e+00
3.360041866552062828e+00
3.328251724371909859e+00
3.296774628060267442e+00
3.265618487919032198e+00
3.234798642600352103e+00
3.204323002406125109e+00
3.174184620937747336e+00
3.144406265197617234e+00
3.114988417137381838e+00
3.085938987058938210e+00
3.057265885264184746e+00
3.028969593704767593e+00
3.001058022682585147e+00
2.973546510849784053e+00
2.946420683457512180e+00
2.919703307508166645e+00
2.893394864953395818e+00
2.867495837744845399e+00
2.842014136184414230e+00
2.816957670573998929e+00
2.792319494514997391e+00
2.768114946659556264e+00
2.744344508959323914e+00
2.721016091716196961e+00
2.698122748531573301e+00
2.675672389707350440e+00
2.653672925545425443e+00
2.632124837997445788e+00
2.611036037365308538e+00
2.590399577250411145e+00
2.570223367954652005e+00
2.550515319779927736e+00
2.531268486327635348e+00
2.512490777899672345e+00
2.494182676447687541e+00
2.476337235573076168e+00
2.458969793927987535e+00
2.442073405113818207e+00
2.425648551082215665e+00
2.409695713784826943e+00
2.394215466665174485e+00
2.379208749134282375e+00
2.364676592095047880e+00
2.350620026450369160e+00
2.337047511453394844e+00
2.323945221306521702e+00
2.311321615262900142e+00
2.299170295875176073e+00
2.287492294046248986e+00
2.276296069029266178e+00
2.265567795026626197e+00
2.255308502941227200e+00
2.245526652026216929e+00
2.236208416483994377e+00
2.227362255567706839e+00
2.218981771830002447e+00
2.211067996173779804e+00
2.203614531151686595e+00
2.196629836016871451e+00
2.190092656621481559e+00
2.184018880568916465e+00
2.178394682061572940e+00
2.173221092002350030e+00
2.168491712943894978e+00
2.164215004139356413e+00
2.160369711440882412e+00
2.156964294101621604e+00
2.153992354674221676e+00
2.151454924061580343e+00
2.149338176466096151e+00
2.147643142790667259e+00
2.146370853938191825e+00
2.145507484111067509e+00
2.145054064212193357e+00
2.145011625144466194e+00
2.145366341110285457e+00
2.146111814662297945e+00
2.147256505053653175e+00
2.148779158136498335e+00
2.150688233163982055e+00
2.152969904338501550e+00
2.155625202562955867e+00
2.158640302039743997e+00
2.162016233671761434e+00
2.165754028361908112e+00
2.169832431962332109e+00
2.174259903726181609e+00
2.179022617855853827e+00
2.184114176903997340e+00
2.189535611773511192e+00
2.195272837035095570e+00
2.201318157082917004e+00
2.207671045029695911e+00
2.214323545637901791e+00
2.221260275319753674e+00
2.228473278837721061e+00
2.235962029304524368e+00
2.243711143132382624e+00
2.251720093434015357e+00
2.259973496621642930e+00
2.268470825807984870e+00
2.277196697405260650e+00
2.286143156175939328e+00
2.295309675232741320e+00
2.304680870987886543e+00
2.314248788203843610e+00
2.324005471643082466e+00
2.333950394418323082e+00
2.344060744591534906e+00
2.354343423625688381e+00
2.364775619582751620e+00
2.375356805575445485e+00
2.386079026366239475e+00
2.396926898367353065e+00
2.407899894691504894e+00
2.418990060101166684e+00
2.430182011008556575e+00
2.441467792176143625e+00
2.452846876716650026e+00
2.464303881042293032e+00
2.475838278265793058e+00
2.487434684799370022e+00
2.499092573755743008e+00
2.510796561547132377e+00
2.522538692936007187e+00
2.534318441035087410e+00
2.546112993906342492e+00
2.557929253012741988e+00
2.569751834766506260e+00
2.581565355579853449e+00
2.593376716915754887e+00
2.605170535186429603e+00
2.616938855154347099e+00
2.628681149932226457e+00
2.640374607582038902e+00
2.652026129566752211e+00
2.663620332298587634e+00
2.675156688890263812e+00
2.686612387403750191e+00
2.697994329302017658e+00
