# te
3.381843797979802169e+00
4.239295507787287143e+00
4.327419075263488679e+00
3.975037098027956350e+00
3.423868940388496540e+00
2.825458898228075721e+00
2.268343441339875977e+00
1.798923423473792083e+00
1.440420318933528288e+00
1.200607515837845751e+00
1.072900341061383989e+00
1.032817324674089710e+00
1.047197434139918837e+00
1.094119967189305376e+00
1.160526897230375942e+00
1.231415013091696098e+00
1.295080876910833290e+00
1.350041230740234521e+00
1.389633783003115353e+00
1.423177387869879018e+00
1.457161938241120280e+00
1.494305921432756534e+00
1.536185418773820199e+00
1.579121283080481053e+00
1.629275092082309140e+00
1.684469842743092860e+00
1.735916773646693168e+00
1.785956657207040221e+00
1.825055686928107823e+00
1.859038575333974430e+00
1.878524432747553652e+00
1.882337500506997774e+00
1.873796654492866143e+00
1.849020397418860595e+00
1.822657712685125997e+00
1.786749831256688958e+00
1.740637129723475507e+00
1.685857796640629402e+00
1.623478075395224707e+00
1.554227823605736747e+00
1.477424500663994111e+00
1.391633192579227130e+00
1.293814461706666474e+00
1.180624308041292370e+00
1.049946157486003173e+00
9.027160520128699739e-01
7.406146167356321142e-01
5.653967602705287643e-01
3.789563013834744698e-01
1.828965512175175501e-01
-2.254326070255591521e-02
-2.376748504345906066e-01
-4.636690970263462885e-01
-7.020665142340223319e-01
-9.548009793385954236e-01
-1.222814962945828698e+00
-1.506123835645823084e+00
-1.804455490874003365e+00
-2.117121834451794360e+00
-2.443447729610778829e+00
-2.783166430035168837e+00
-3.136128143722831663e+00
-3.502175650321385891e+00
-3.881211156280450769e+00
-4.273202720784639475e+00
-4.677542410380303828e+00
-5.093472722191537905e+00
-5.520265866743438110e+00
-5.957387191667598891e+00
-6.404654827166254449e+00
-6.863127181668425614e+00
-7.333955453915021572e+00
-7.817221160210950259e+00
-8.312671541099868833e+00
-8.819941589785733171e+00
-9.337682468895694754e+00
-9.865525061203944901e+00
-1.040339738349468135e+01
-1.095137601955710238e+01
-1.150924155072170763e+01
-1.207633338350922969e+01
-1.265206633949419945e+01
-1.323555810624115558e+01
-1.382629778882713367e+01
-1.442346658651515057e+01
-1.502672259586964287e+01
-1.563578742515352715e+01
-1.625045696613222290e+01
-1.687067567757614484e+01
-1.749612209936558571e+01
-1.812659963186031575e+01
-1.876157147302747674e+01
-1.940079795484421510e+01
-2.004374227527767260e+01
-2.068994191579749753e+01
-2.133893435787333104e+01
-2.199025708297481430e+01
-2.264337328906909619e+01
-2.329774617412331494e+01
-2.395283893610461590e+01
-2.460833762348764608e+01
-2.526340830022954620e+01
-2.591766273130246390e+01
-2.657048983117104157e+01
-2.722120423079741514e+01
-2.786934341165123641e+01
-2.851429628819715489e+01
-2.915537749139730295e+01
-2.979212450272132884e+01
-3.042400515309868680e+01
-3.105028295480060052e+01
-3.167059747057308883e+01
-3.228429112915218724e+01
-3.289085492627892648e+01
-3.348977985769433019e+01
-3.408048263563693325e+01
-3.466237997234525636e+01
-3.523503714706284029e+01
-3.579787087202819862e+01
-3.635029785947988046e+01
-3.689188338866139105e+01
-3.742204417181127951e+01
-3.794019692116807363e+01
-3.844590691597528576e+01
-3.893866515197396438e+01
-3.941788834140261599e+01
-3.988314176350479556e+01
-4.033391641402151606e+01
-4.076962900519130528e+01
-4.118984366949246123e+01
-4.159404566883972620e+01
-4.198179340188514885e+01
-4.235249670027575064e+01
-4.270586252966853635e+01
-4.304122643820804228e+01
-4.335814682454629576e+01
-4.365625637083780219e+01
-4.393511347573460313e+01
-4.419427653788871169e+01
-4.443337823945465459e+01
-4.465190269558195979e+01
-4.484955687192763207e+01
-4.502589916714371299e+01
-4.518041369637972338e+01
-4.531288170879517452e+01
-4.542271303603710919e+01
-4.550961464376253218e+01
-4.557314493062346372e+01
-4.561286229527193825e+01
-4.562847479594030631e+01
-4.561969486116222328e+01
-4.558623601204665476e+01
-4.552796033670759357e+01
-4.544450707275152013e+01
-4.533573830829239881e+01
-4.520136756443922366e+01
-4.504118264580348097e+01
-4.485497135699663573e+01
-4.464259578613266655e+01
-4.440376945432056743e+01
-4.413842873317680926e+01
-4.384621286030787957e+01
-4.352713249083274860e+01
-4.318090114586040329e+01
-4.280745519700731450e+01
-4.240665673238747502e+01
-4.197859069062235449e+01
-4.152311915982593860e+01
-4.104017851161471242e+01
-4.052970511760513972e+01
-3.999170963291621206e+01
-3.942612842916441451e+01
-3.883297216146871023e+01
-3.821240005195308953e+01
-3.756434767376164530e+01
-3.688882168965137964e+01
-3.618590224740943029e+01
-3.545559521132040715e+01
-3.469805501267394732e+01
-3.391343608275965948e+01
-3.310181856936466716e+01
-3.226335690377860033e+01
-3.139827980079358127e+01
-3.050651884119172763e+01
-2.958845130677016755e+01
-2.864415734531602098e+01
-2.767393995512391669e+01
-2.667795356748346691e+01
-2.565650118068929686e+01
-2.460988579303603885e+01
-2.353818755231080928e+01
-2.244170945680822982e+01
-2.132090307182792799e+01
-2.017599711216201896e+01
-1.900744314311013383e+01
-1.781554416296688714e+01
-1.660067745352941060e+01
-1.536314601309231875e+01
-1.410347569045774385e+01
-1.282189420168470662e+01
-1.151899668541235222e+01
-1.019500586403423625e+01
-8.850441593953908281e+00
-7.485749448072418488e+00
-6.101300715788319451e+00
-4.697474114850411553e+00
-3.274871213514995105e+00
-1.834026724886122617e+00
-3.754976471185936804e-01
1.100167935653089568e+00
2.592408568263976143e+00
4.100671709569415846e+00
5.624398875744556214e+00
7.163003355233595215e+00
8.715891008130485673e+00
1.028244540947842367e+01
1.186216155957435880e+01
1.345435617830923825e+01
1.505850940927951598e+01
1.667387854557413362e+01
1.830001801429204278e+01
1.993611082501969634e+01
2.158163712135354118e+01
2.323577991288002664e+01
2.489801934319559606e+01
2.656761270538920172e+01
2.824389157605229883e+01
2.992618753177633195e+01
3.161383214915274564e+01
3.330608272127049219e+01
3.500227082472101614e+01
3.670165375259327334e+01
3.840348879797622317e+01
4.010718182096378115e+01
4.181191583114242860e+01
4.351694812160109649e+01
4.522161026893124358e+01
4.692515956622181506e+01
4.862670473955675732e+01
5.032572593253252080e+01
5.202133187123305191e+01
5.371277984874731004e+01
5.539947572516923202e+01
5.708060251008527075e+01
5.875549178008688500e+01
6.042340082826301995e+01
6.208351266420009296e+01
6.373523314799209771e+01
6.537774528922545869e+01
6.701015848651481122e+01
6.863180767910492364e+01
7.024187991176628998e+01
7.183948794576686225e+01
7.342396739288210483e+01
7.499450529788249753e+01
7.655051155604597568e+01
7.809095036163553516e+01
7.961627157896413109e+01
8.112425086625472659e+01
8.261563522183028851e+01
8.408894313893878802e+01
8.554417878087819815e+01
8.697986064089643321e+01
8.839673571731653112e+01
8.979257966836142657e+01
9.116665382230405612e+01
9.251970517746742928e+01
9.384950939207450915e+01
9.515681346444821997e+01
9.643939305281156749e+01
9.769799515548749014e+01
9.893113826572398750e+01
1.001395693818439980e+02
1.013210641620704990e+02
1.024763696047264290e+02
1.036040042030598016e+02
1.047032292853435536e+02
1.057747918499006374e+02
1.068172103899790386e+02
1.078304890688767301e+02
1.088138892148666628e+02
1.097666721562218157e+02
1.106880992212151114e+02
1.115781745731445938e+02
1.124369023753081507e+02
1.132635439559788040e+02
1.140566178084044964e+02
1.148176137659331602e+02
1.155443074867878295e+02
1.162374459692914144e+02
1.168962905417169083e+02
1.175208453673622842e+02
1.181096289394754564e+02
1.186633882563794486e+02
1.191813846463472260e+02
1.196621366026266884e+02
1.201063911235408597e+02
1.205141523723877128e+02
1.208846816774401844e+02
1.212179826410456087e+02
1.215140566217488498e+02
1.217729044171440904e+02
1.219945268248255275e+02
1.221781818073623782e+02
1.223238701623488254e+02
1.224315926873791369e+02
1.225013501800474813e+02
1.225331434379479987e+02
1.225269732586750138e+02
1.224813547697726648e+02
1.223977744388851647e+02
1.222754902285817167e+02
1.221145029364565318e+02
1.219148133601038211e+02
1.216764222971177816e+02
1.214000733801176040e+02
1.210850245716725340e+02
1.207312766693767259e+02
1.203395733058494557e+02
1.199099152786848634e+02
1.194415605504521523e+02
1.189352527537705697e+02
1.183917355212593066e+02
1.178102668154875801e+02
1.171915902690745526e+02
1.165349638445894414e+02
1.158411311746515082e+02
1.151115787269048951e+02
1.143448216288938397e+02
1.135416035132375612e+02
1.127019251775301996e+02
1.118272730894160247e+02
1.109169052114641971e+02
1.099715651762939785e+02
1.089912537814995233e+02
1.079774574947250443e+02
1.069294342785397873e+02
1.058486706005879086e+02
1.047351672584636333e+02
1.035889250497611584e+02
1.024099447720746952e+02
1.011997128930484564e+02
9.995748737525165950e+01
9.868401185130346676e+01
9.737928711879811772e+01
9.604405681035481734e+01
9.467832172356774834e+01
9.328431116110613175e+01
9.186128308553918487e+01
9.041072353506440606e+01
8.893337399506756924e+01
8.742923268646278245e+01
8.590052633523910686e+01
8.434651032728564246e+01
8.276792571854149116e+01
8.116551356494571223e+01
7.954001492243743598e+01
7.789142801193069943e+01
7.622123672438959829e+01
7.452839931169326348e+01
7.281477108231823081e+01
7.108094452519861761e+01
6.932758641277102640e+01
6.755551208447700162e+01
6.576553687975815876e+01
6.395832757105107191e+01
6.213477378129983464e+01
6.029561656644354883e+01
5.844152269891877438e+01
5.657338180166961905e+01
5.469186064713267115e+01
5.279777457474950353e+01
5.089193892396171748e+01
4.897494618370338770e+01
4.704768597691861487e+01
4.511082507604398018e+01
4.316510453701857131e+01
4.121133969928397534e+01
3.925027161877927995e+01
3.728256706794107345e+01
3.530904138621095001e+01
3.333050991303048249e+01
3.134786227134376801e+01
2.936183951708989071e+01
2.737340555671544706e+01
2.538330144615951767e+01
2.339241680836618897e+01
2.140156698277704805e+01
1.941156730883368553e+01
1.742323312597768847e+01
1.543737977365064040e+01
1.345474830779163788e+01
1.147607978433975973e+01
9.502263826239097710e+00
7.534034061078487277e+00
5.572190971599018106e+00
3.617483042090026579e+00
1.670695898592100104e+00
-2.674041465648229199e-01
-2.196054147533912815e+00
-4.114468968319568987e+00
-6.021889124460048315e+00
-7.917507590052006883e+00
-9.800561909293605822e+00
-1.167035648153524363e+01
-1.352599514067058628e+01
-1.536673028759828341e+01
-1.719181432321700242e+01
-1.900042536492288647e+01
-2.079203866412209933e+01
-2.256583233821080015e+01
-2.432128163859514203e+01
-2.605763896617378350e+01
-2.777430528885038186e+01
-2.947068157452859083e+01
-3.114594594060458022e+01
-3.279957363848448892e+01
-3.443081706906697548e+01
-3.603907720025571138e+01
-3.762368071645184386e+01
-3.918388001855402791e+01
-4.071907607446593147e+01
-4.222866985209119406e+01
-4.371206231933349073e+01
-4.516895157810646566e+01
-4.659881287981628617e+01
-4.800119575937159055e+01
-4.937572403518355912e+01
-5.072179867515583140e+01
-5.203911778120207288e+01
-5.332723088823094315e+01
-5.458553896414608886e+01
-5.581374011086116838e+01
-5.701123529627984965e+01
-5.817764833881327746e+01
-5.931252877337011853e+01
-6.041542613485903246e+01
-6.148588995818865044e+01
-6.252369262877516576e+01
-6.352845796502970188e+01
-6.449988406886595271e+01
-6.543752047519254234e+01
-6.634113956942563561e+01
-6.721043945347889803e+01
-6.804511822926598086e+01
-6.884517113271053290e+01
-6.961037054922873324e+01
-7.034056314773921770e+01
-7.103566988066314991e+01
-7.169553639772192355e+01
-7.231992998834537900e+01
-7.290869120626857125e+01
-7.346158632172411274e+01
-7.397845588844703002e+01
-7.445906617666993554e+01
-7.490325774012785587e+01
-7.531072256555090405e+01
-7.568152405718163322e+01
-7.601572561926262495e+01
-7.631257353750893913e+01
-7.657428543773566787e+01
-7.679936477063286304e+01
-7.698854349196561486e+01
-7.714181072247397708e+01
-7.725989841792303991e+01
-7.734205286402784907e+01
-7.738900601655350897e+01
-7.740074699624008758e+01
-7.737726492382763865e+01
-7.731780608503125052e+01
-7.722384527064097881e+01
-7.709388593134690382e+01
-7.693014569296413185e+01
-7.673112800618268636e+01
-7.649756482676764335e+01
-7.623018811048410726e+01
-7.592898697807213182e+01
-7.559499051930679059e+01
-7.522759358690815645e+01
-7.482752813664129121e+01
-7.439508042325628878e+01
-7.393061098500571404e+01
-7.343448036014213187e+01
-7.290697480341562198e+01
-7.234852913658123441e+01
-7.175942961438909151e+01
-7.114018534209671429e+01
-7.049130542496169483e+01
-6.981322468473911158e+01
-6.910652651018905601e+01
-6.837157143956405037e+01
-6.760901714512671390e+01
-6.681914988162706948e+01
-6.600270160483023574e+01
-6.516003285298877756e+01
-6.429172701486274377e+01
-6.339836747921224003e+01
-6.248046335129480156e+01
-6.153844945286552104e+01
-6.057298437504215372e+01
-5.958473038436311953e+01
-5.857420209921708221e+01
-5.754228555550512425e+01
-5.648956965511838035e+01
-5.541671758345047039e+01
-5.432439252589501422e+01
-5.321333195134814531e+01
-5.208419904520346932e+01
-5.093773127635710551e+01
-4.977451754670018857e+01
-4.859529532512883065e+01
-4.740080208053916522e+01
-4.619162671482229854e+01
-4.496850669687435698e+01
-4.373225377909396627e+01
-4.248345686337223981e+01
-4.122292770210780333e+01
-3.995140376419677608e+01
-3.866954823503279215e+01
-3.737817286701444885e+01
-3.607794084553538028e+01
-3.476958963949171988e+01
-3.345393100128206498e+01
-3.213162811630004967e+01
-3.080341845344179319e+01
-2.947003948160342901e+01
-2.813230295318355445e+01
-2.679079777007330421e+01
-2.544648425167630279e+01
-2.410002558338615941e+01
-2.275238208460650924e+01
-2.140414265722846565e+01
-2.005626762065564961e+01
-1.870942016028168453e+01
-1.736456059551018782e+01
-1.602227782823228708e+01
-1.468338361084660093e+01
-1.334868969575174980e+01
-1.201885926834135532e+01
-1.069462979751153675e+01
-9.376813035660918061e+00
-8.066094453233869643e+00
-6.763204090776262056e+00
-5.468819990382215224e+00
-4.183627622496103982e+00
-2.908327314262797447e+00
-1.643589679426167072e+00
-3.901247019864089172e-01
8.513888331273304910e-01
2.080233272905497532e+00
3.295679602011755360e+00
4.496993364605484267e+00
5.683454961546565265e+00
6.854322508644131062e+00
8.008861550057558176e+00
9.146411913448732278e+00
1.026620942957602978e+01
1.136772020805558370e+01
1.245026179149852297e+01
1.351315172251598007e+01
1.455593039422658741e+01
1.557776678223646982e+01
1.657812699616176388e+01
1.755647714561859729e+01
1.851228334022310307e+01
1.944486312258640837e+01
2.035375688582714560e+01
2.123843073956144423e+01
2.209835079340544084e+01
2.293290887347275842e+01
2.374179393988703168e+01
2.452439781876189073e+01
2.528040947022096674e+01
2.600944357088538794e+01
2.671104051387378675e+01
2.738474069230479913e+01
2.803008449929704682e+01
2.864683517847666749e+01
2.923453312296227935e+01
2.979271872587253256e+01
3.032100666382854470e+01
3.081908589695395051e+01
3.128649681836737884e+01
3.172292838819246086e+01
3.212799528305031771e+01
3.250153503006960420e+01
3.284323658937393020e+01
3.315286320458944402e+01
3.343010383583975909e+01
3.367479601025350178e+01
3.388655440445182876e+01
3.406529082906584449e+01
3.421084281122420379e+01
3.432304787805551172e+01
3.440174355668840889e+01
3.444669309074903651e+01
3.445788257437101976e+01
3.443507525118047852e+01
3.437825721531105927e+01
3.428741297274660127e+01
3.416259496037434218e+01
3.400363117642424271e+01
3.381057246963374752e+01
3.358339540523780187e+01
3.332215083197388594e+01
3.302674103157443142e+01
3.269729113627940364e+01
3.233392627832874666e+01
3.193662302295741995e+01
3.150543221890287171e+01
3.104040471490256792e+01
3.054166564319645261e+01
3.000941441952698696e+01
2.944385045963661796e+01
2.884532174627280554e+01
2.821395341167549020e+01
2.755009343859213899e+01
2.685394124276520245e+01
2.612577052343963757e+01
2.536578069635789134e+01
2.457431974426742016e+01
2.375166136641317749e+01
2.289800497853762096e+01
2.201362427988570047e+01
2.109886725320487244e+01
2.015393331423758383e+01
1.917917044573130170e+01
1.817507519743846700e+01
1.714199555210653969e+01
1.608027949248297261e+01
1.499042356832021916e+01
1.387270147886323279e+01
1.272760977386447045e+01
1.155561528967538187e+01
1.035716257759667158e+01
9.132740759030545163e+00
7.882838955379207313e+00
6.607924002994109536e+00
5.308483537607404656e+00
3.985011137631448985e+00
2.638065750960795874e+00
1.268212268170197055e+00
-1.239710491351396493e-01
-1.537920796050513905e+00
-2.973073567671220108e+00
-4.428784247239806682e+00
-5.904615711805815792e+00
-7.399774277606797845e+00
-8.913763394890294123e+00
-1.044586178032357004e+01
-1.199541490178522629e+01
-1.356184062758359055e+01
-1.514448254252447512e+01
-1.674268423141370477e+01
-1.835564071205209302e+01
-1.998284413625047407e+01
-2.162341523830715673e+01
-2.327677188653046514e+01
-2.494218338222371401e+01
-2.661891902669023580e+01
-2.830632240473583749e+01
-3.000358853416134153e+01
-3.170998671627007326e+01
-3.342486053586785033e+01
-3.514747929425800521e+01
-3.687703800924132480e+01
-3.861280598212116644e+01
-4.035412679770333710e+01
-4.210019547378863791e+01
-4.385028131168041909e+01
-4.560372789618448053e+01
-4.735965596159915236e+01
-4.911748337623274807e+01
-5.087633087438359780e+01
-5.263546775735500916e+01
-5.439423760995280333e+01
-5.615168688297281818e+01
-5.790708487771834712e+01
-5.965970089549274036e+01
-6.140858138709178604e+01
-6.315306993732132668e+01
-6.489228728047967820e+01
-6.662565128487516120e+01
-6.835243125181108326e+01
-7.007152506507827638e+01
-7.178309342801006210e+01
-7.348640564190975510e+01
-7.517998817305567627e+01
-7.686311032275115451e+01
-7.853578422732451259e+01
-8.019727918807903677e+01
-8.184686450631808441e+01
-8.348306664831996216e+01
-8.510589775041297855e+01
-8.671388427887548289e+01
-8.830703837003576950e+01
-8.988388649017217347e+01
-9.144444077561300332e+01
-9.298797052766157378e+01
-9.451374071974892388e+01
-9.602099901381677682e+01
-9.750973157895964505e+01
-9.897769607919691737e+01
-1.004256215186481001e+02
-1.018520083963576326e+02
-1.032568428814199422e+02
-1.046401111429295270e+02
-1.059995708449058043e+02
-1.073359509914682661e+02
-1.086484949166863174e+02
-1.099357031196044829e+02
-1.111975617693171330e+02
-1.124333141998938146e+02
-1.136429465804289123e+02
-1.148257022449918878e+02
-1.159800816926272233e+02
-1.171060710924293602e+02
-1.182029137784677317e+02
-1.192713387548618442e+02
-1.203098465206561087e+02
-1.213184232449450235e+02
-1.222970550968229873e+02
-1.232449854103594902e+02
-1.241614575196239798e+02
-1.250472004287359056e+02
-1.259007146367397212e+02
-1.267227291477549045e+02
-1.275110016258008869e+02
-1.282670039100221118e+02
-1.289899793344880550e+02
-1.296784283982431702e+02
-1.303330801054069070e+02
-1.309524349550237332e+02
-1.315379647862380921e+02
-1.320881700980944231e+02
-1.326030370596872388e+02
-1.330825518401108809e+02
-1.335259577734349534e+02
-1.339324981937287760e+02
-1.343036449401368770e+02
-1.346386413467286900e+02
-1.349367307475737050e+02
-1.351978993117662924e+02
-1.354221332084009930e+02
-1.356101614415972563e+02
-1.357604845103994649e+02
-1.358738314189271250e+02
-1.359501883362746923e+02
-1.359895414315366224e+02
-1.359911314640573323e+02
-1.359549317293063666e+02
-1.358823986180781276e+02
-1.357720171810670990e+02
-1.356245009740427463e+02
-1.354398207177495408e+02
-1.352179471329319540e+02
-1.349603366103844451e+02
-1.346654742008014978e+02
-1.343340734599525490e+02
-1.339661051085821271e+02
-1.335615398674346750e+02
-1.331210912922796012e+02
-1.326432444338114180e+02
-1.321294556828246129e+02
-1.315789529250386636e+02
-1.309917068811979561e+02
-1.303676882720470473e+02
-1.297083534883803679e+02
-1.290136732509423609e+02
-1.282836182804775547e+02
-1.275181592977303495e+02
-1.267187526934953041e+02
-1.258853691885167621e+02
-1.250179795035392942e+02
-1.241180400293573598e+02
-1.231847786516903511e+02
-1.222196517613328126e+02
-1.212218872440041793e+02
-1.201936843255239182e+02
-1.191342708916115214e+02
-1.180443604980364114e+02
-1.169231810305181227e+02
-1.157721888798510577e+02
-1.145906119317547223e+02
-1.133784209069735596e+02
-1.121370721963020429e+02
-1.108650508504346845e+02
-1.095645560951908806e+02
-1.082348158162901655e+02
-1.068787720745769576e+02
-1.054956527557707489e+02
-1.040869142506659983e+02
-1.026532701150321714e+02
-1.011961767396637697e+02
-9.971486201028019991e+01
-9.821078231767599220e+01
-9.668390838259556119e+01
-9.513495376080840060e+01
-9.356314633803398806e+01
-9.197068676276897747e+01
-9.035681003411875167e+01
-8.872223824391589631e+01
-8.706843631901799085e+01
-8.539464068120763329e+01
-8.370305909236742536e+01
-8.199218513925492857e+01
-8.026496941877772429e+01
-7.852064835271841048e+01
-7.675994403290955859e+01
-7.498446995321378949e+01
-7.319487392196114683e+01
-7.139210088149174283e+01
-6.957702149064314767e+01
-6.775050640825293158e+01
-6.591342629315872159e+01
-6.406628038668556258e+01
-6.220927079614857291e+01
-6.034282247937031229e+01
-5.846736039417338304e+01
-5.658323521487785257e+01
-5.469072333230133154e+01
-5.279032398776888613e+01
-5.088305640712309952e+01
-4.897008838321156787e+01
-4.705258770888187314e+01
-4.513172217698159017e+01
-4.320851101335333055e+01
-4.128419629434714011e+01
-3.935979724580565176e+01
-3.743566454204890448e+01
-3.551229742440200710e+01
-3.358989800018004956e+01
-3.166881694370310285e+01
-2.974947921279376573e+01
-2.783208691476711039e+01
-2.591721357445072726e+01
-2.400558128367720556e+01
-2.209828355179162784e+01
-2.019619103763157852e+01
-1.830039725054214372e+01
-1.641177284936090430e+01
-1.453133705993044877e+01
-1.266003482459086449e+01
-1.079836538466723539e+01
-8.947028546941396598e+00
-7.106471554286681425e+00
-5.277282788231178579e+00
-3.460000117521270013e+00
-1.655177753273892716e+00
1.366458907494203512e-01
1.914948048767140865e+00
3.679206895652643361e+00
5.428900606279300156e+00
7.163507355520486897e+00
8.882542460000822260e+00
1.058547666624343542e+01
1.227170643726894994e+01
1.394040538559048414e+01
1.559074712372116700e+01
1.722183098067161566e+01
1.883275628545246505e+01
2.042269665057682815e+01
2.199067712155283516e+01
2.353601987789860317e+01
2.505834423314226456e+01
2.655764091832443441e+01
2.803352924697323800e+01
2.948599995012930464e+01
3.091474662482325186e+01
3.231968571859320605e+01
3.370058511197229478e+01
3.505684126798113454e+01
3.638799921664534764e+01
3.769338113748305830e+01
3.897253206051990304e+01
4.022469988177149247e+01
4.144950391476596252e+01
4.264626633902141606e+01
4.381453218456348964e+01
4.495377219791530621e+01
4.606353140910249522e+01
4.714320628114567313e+01
4.819241612757296167e+01
4.921055741140498441e+01
5.019724944616987727e+01
5.115233439590323883e+01
5.207572870814322386e+01
5.296749739743293617e+01
5.382740834430550336e+01
5.465552656330405057e+01
5.545169421846420477e+01
5.621590204082658460e+01
5.694799219442679572e+01
5.764773255979800126e+01
5.831511386798080565e+01
5.894990399950830096e+01
5.955194511841617810e+01
6.012115367224249241e+01
6.065729754152041409e+01
6.116028978595397803e+01
6.163002991391096685e+01
6.206626547892004453e+01
6.246896688501743000e+01
6.283795596923432925e+01
6.317305456860189139e+01
6.347415880365385732e+01
6.374131336192891695e+01
6.397448864746326791e+01
6.417372934779558591e+01
6.433908015046458218e+01
6.447058574300893952e+01
6.456829081296737627e+01
6.463216576437608296e+01
6.466232956827623468e+01
6.465890119570903494e+01
6.462185105071068847e+01
6.455144667132739755e+01
6.444765846159533851e+01
6.431060539255571484e+01
6.414040643524974428e+01
6.393740341122608584e+01
6.370178957502845662e+01
6.343390674820555830e+01
6.313402246880358604e+01
6.280255284187370535e+01
6.243969112195964755e+01
6.204577913061010008e+01
6.162108440587124392e+01
6.116580020228677483e+01
6.068019405790291643e+01
6.016445922726334317e+01
5.961893753191676382e+01
5.904374794290435347e+01
5.843923228177482088e+01
5.780565808657437543e+01
5.714344146235418265e+01
5.645284994716046612e+01
5.573429964604440556e+01
5.498813238055470265e+01
5.421461568873755255e+01
5.341416567564415629e+01
5.258719844632570073e+01
5.173420438933588628e+01
5.085552532622340749e+01
4.995165164554196480e+01
4.902307373584525152e+01
4.807020770218446160e+01
4.709339536610829668e+01
4.609327568317544177e+01
4.507011804130296895e+01
4.402449636190140581e+01
4.295676356574464450e+01
4.186749542411409664e+01
4.075711914128613955e+01
3.962613620503968548e+01
3.847504810315362533e+01
3.730457917391434819e+01
3.611537947210577215e+01
3.490802476900928042e+01
3.368309083590626329e+01
3.244130201108313116e+01
3.118330834932378082e+01
2.990953705490460024e+01
2.862056389910698329e+01
2.731696465321234157e+01
2.599931508850206896e+01
2.466811669275504926e+01
2.332394523725269408e+01
2.196730220977389081e+01
2.059883766510253977e+01
1.921920165802254132e+01
1.782889567631279348e+01
1.642856977475718239e+01
1.501894829164211842e+01
1.360045843124398779e+01
1.217389881535169316e+01
1.073969664824163139e+01
9.298531698098699394e+00
7.850950022803291795e+00
6.397527393636808668e+00
4.938847010230894341e+00
3.475492072217198469e+00
2.008022751341591139e+00
5.369724772890439590e-01
-9.371372056158685515e-01
-2.413796638408976847e+00
-3.892489476610882626e+00
-5.372699375742189254e+00
-6.853850564521499322e+00
-8.335530695372916909e+00
-9.817015430010043175e+00
-1.129772899715148249e+01
-1.277694705851083690e+01
-1.425416812630921370e+01
-1.572866786226020785e+01
-1.719987049508243260e+01
-1.866712596999197871e+01
-2.012963566519995950e+01
-2.158682380942497048e+01
-2.303796214172409762e+01
-2.448230671052832363e+01
-2.591910964161212050e+01
-2.734769734425245602e+01
-2.876739622772629446e+01
-3.017775555181810176e+01
-3.157847314331733912e+01
-3.296932111251597775e+01
-3.434984871919849070e+01
-3.571975379015433560e+01
-3.707865986867047781e+01
-3.842633906503888852e+01
-3.976234063904403371e+01
-4.108606528346538056e+01
-4.239713654158988732e+01
-4.369510367320202704e+01
-4.497951593808627280e+01
-4.624984831252457695e+01
-4.750565005630141968e+01
-4.874617329519125519e+01
-4.997074443847105840e+01
-5.117868989541779001e+01
-5.236918750830341907e+01
-5.354163796990741275e+01
-5.469521912250173301e+01
-5.582933165886584703e+01
-5.694404482330173067e+01
-5.803927929310633971e+01
-5.911510431258165710e+01
-6.017158912602960896e+01
-6.120887726125470607e+01
-6.222688939555389709e+01
-6.322569477322915077e+01
-6.420469408705993430e+01
-6.516321374632320840e+01
-6.610065444379844735e+01
-6.701634258876259764e+01
-6.790967887399516201e+01
-6.878006399227557210e+01
-6.962682435288080285e+01
-7.044988063310783843e+01
-7.124915351025362042e+01
-7.202434081110763486e+01
-7.277603176448936040e+01
-7.350347849617321572e+01
-7.420741880198370666e+01
-7.488710480769528033e+01
-7.554253147410742031e+01
-7.617295092699457371e+01
-7.677984379720621178e+01
-7.736245905059688255e+01
-7.792003301334126775e+01
-7.845254168671917228e+01
-7.895996107201038683e+01
-7.944301000551963909e+01
-7.990092165350176856e+01
-8.033292918221150103e+01
-8.074049426297865750e+01
-8.112210722703299837e+01
-8.147774407565431432e+01
-8.180886648017235530e+01
-8.211322193679193049e+01
-8.239301495186779789e+01
-8.264673585662974631e+01
-8.287436065235756644e+01
-8.307735101038100822e+01
-8.325419726192987468e+01
-8.340561824330892193e+01
-8.353158995579796908e+01
-8.363208840067676419e+01
-8.370708957922506954e+01
-8.375731232774769808e+01
-8.378198981249940402e+01
-8.378184086978498613e+01
-8.375684150088420665e+01
-8.370622487205187667e+01
-8.363145265461771771e+01
-8.353250084986156310e+01
-8.340860262403815284e+01
-8.326121964847729373e+01
-8.308884225440874616e+01
-8.289293211316228849e+01
-8.267346522601772563e+01
-8.243041759425481985e+01
-8.216450805417832726e+01
-8.187422693701805088e+01
-8.156177874912876291e+01
-8.122639665676527443e+01
-8.086805666120729086e+01
-8.048747759875966779e+01
-8.008537830572713290e+01
-7.966099194836448305e+01
-7.921578019800149661e+01
-7.874897622089297045e+01
-7.826204168836864028e+01
-7.775420976668333140e+01
-7.722619929214179990e+01
-7.667872910104880191e+01
-7.611177519468417074e+01
-7.552605640935261988e+01
-7.492080695499549847e+01
-7.429749372137511898e+01
-7.365535613686532201e+01
-7.299571356791001620e+01
-7.231869684491297789e+01
-7.162458536528311015e+01
-7.091380709343425792e+01
-7.018678999378028038e+01
-6.944388774723250890e+01
-6.868552831820480264e+01
-6.791213967111103500e+01
-6.712400120336003795e+01
-6.632176372987318302e+01
-6.550563236455680283e+01
-6.467610935532725591e+01
-6.383369695010090794e+01
-6.297867454628660511e+01
-6.211147010829819948e+01
-6.123266016755452767e+01
-6.034244983796197914e+01
-5.944141565093938340e+01
-5.852991128739808602e+01
-5.760836471175196039e+01
-5.667720388841484436e+01
-5.573685678180060421e+01
-5.478789992332807657e+01
-5.383076127741114192e+01
-5.286601737546862267e+01
-5.189402189841188573e+01
-5.091535137765978902e+01
-4.993050806112867690e+01
-4.893984562972990204e+01
-4.794386633137983011e+01
-4.694299813049229897e+01
-4.593766899148117488e+01
-4.492823259525780344e+01
-4.391526547324102836e+01
-4.289912130634222365e+01
-4.188022805897523426e+01
-4.085908797905640455e+01
-3.983620331450210017e+01
-3.881200202972615898e+01
-3.778691208914245436e+01
-3.676143574066732356e+01
-3.573600094871462574e+01
-3.471110996120071235e+01
-3.368711645903694318e+01
-3.266444840663716320e+01
-3.164360805191772741e+01
-3.062494907578998493e+01
-2.960890322815530595e+01
-2.859599168436758987e+01
-2.758659083826324121e+01
-2.658115136718116744e+01
-2.558012394846027604e+01
-2.458403354294198451e+01
-2.359318226096018378e+01
-2.260816934685880142e+01
-2.162937119447423484e+01
-2.065716419764289569e+01
-1.969199903370369142e+01
-1.873417781299053075e+01
-1.778415121284232114e+01
-1.684236991059797006e+01
-1.590913601659139154e+01
-1.498490020816148593e+01
-1.406996459564216906e+01
-1.316477985637234305e+01
-1.226964810068592016e+01
-1.138494572241930847e+01
-1.051112339891141367e+01
-9.648408956993646868e+00
-8.797253074004917295e+00
-7.957995002030378906e+00
-7.130899709652694263e+00
-6.316306448957019981e+00
-5.514509901927015179e+00
-4.725841892297586888e+00
-3.950604530402644698e+00
-3.189114783276596476e+00
-2.441659904552851312e+00
-1.708504862814066882e+00
-9.899450828789265744e-01
-2.862499903402389578e-01
4.022961325086875650e-01
1.075416431724794730e+00
1.732845195890398537e+00
2.374369454874591945e+00
2.999768810196215441e+00
3.608845148424861815e+00
4.201392927779870945e+00
4.777199178130335788e+00
5.336073214396097164e+00
5.877802066446247586e+00
6.402224762601627539e+00
6.909187759533330642e+00
7.398530085562197378e+00
7.870113054059817870e+00
8.323693981494285410e+00
8.759267891541691498e+00
9.176529914296263968e+00
9.575535559077286152e+00
9.956040441622166171e+00
1.031802302817582984e+01
1.066131321797818998e+01
1.098588947727416354e+01
1.129165598880616628e+01
1.157844265181411636e+01
1.184630221604543010e+01
1.209506458074002211e+01
1.232485677914781164e+01
1.253558299401121445e+01
1.272714740807264810e+01
1.289952848757702597e+01
1.305277898227176969e+01
1.318680307489929149e+01
1.330165351520701122e+01
1.339730876943984228e+01
1.347367302034020575e+01
1.353094758466051317e+01
1.356888807813818509e+01
1.358769581752563838e+01
1.358742355257028755e+01
1.356804974951704779e+01
1.352985000862084064e+01
1.347280279612657772e+01
1.339696086178167889e+01
1.330259980584106039e+01
1.318969809454963915e+01
1.305838276115732732e+01
1.290870655541155010e+01
1.274094507756721839e+01
1.255500251036674797e+01
1.235115445406505863e+01
1.212937937490706553e+01
1.188987858964518374e+01
1.163277913152933429e+01
1.135828231731193227e+01
1.106651518024289160e+01
1.075767903707463091e+01
1.043197520455956706e+01
1.008960499945011691e+01
9.730695454996196148e+00
9.355373604447720481e+00
8.963974474861609920e+00
8.556647384538528911e+00
8.133601078581142119e+00
7.695036873741871730e+00
7.241156086773130163e+00
6.772189747828334383e+00
6.288399398922305927e+00
5.790079489312480732e+00
5.277525266716699193e+00
4.751017122152300765e+00
4.210865160037625898e+00
3.657349771390015380e+00
3.090761004082133390e+00
2.511394254398824799e+00
1.919539867346764961e+00
1.315492050674760049e+00
6.995362466783189292e-01
7.196621740523208299e-02
-5.669302177769104389e-01
-1.216842954449768310e+00
-1.877461888195001372e+00
-2.548439772843019480e+00
-3.229459075625233488e+00
-3.920179978722303282e+00
-4.620262664314886081e+00
-5.329411884685144152e+00
-6.047213538511237552e+00
-6.773461518278325322e+00
-7.507652582461567192e+00
-8.249580623546124869e+00
-8.998816683509655689e+00
-9.755080371334820200e+00
-1.051801701250177778e+01
-1.128719764898819378e+01
-1.206241617327922100e+01
-1.284324362735252123e+01
-1.362939962019076034e+01
-1.442045519377158591e+01
-1.521612995707766558e+01
-1.601599495208666113e+01
-1.681976978778123311e+01
-1.762709978964153379e+01
-1.843763028314772612e+01
-1.925093231027747365e+01
-2.006665119651093576e+01
-2.088450655083076768e+01
-2.170406941521463651e+01
-2.252505939864519391e+01
-2.334697325959760406e+01
-2.416967917405953159e+01
-2.499267390050612647e+01
-2.581567704792005102e+01
-2.663833394178146818e+01
-2.746028990757054089e+01
-2.828126455426992436e+01
-2.910082892385727860e+01
-2.991877358648497420e+01
-3.073457868896418788e+01
-3.154809247328581634e+01
-3.235879176392824519e+01
-3.316645051937987887e+01
-3.397061984762159881e+01
-3.477099942363930296e+01
-3.556728892241887507e+01
-3.635911373544370662e+01
-3.714602497069468967e+01
-3.792787087016273517e+01
-3.870420254182869968e+01
-3.947464537717599597e+01
-4.023904761819552078e+01
-4.099688608936564549e+01
-4.174800903267727392e+01
-4.249211612311630404e+01
-4.322883275216611310e+01
-4.395785859481260616e+01
-4.467896760954415925e+01
-4.539178518784417804e+01
-4.609608528820104567e+01
-4.679156758560065299e+01
-4.747793175502889795e+01
-4.815487747147166431e+01
-4.882217869341734229e+01
-4.947960937935433634e+01
-5.012679492076603083e+01
-5.076350927614080888e+01
-5.138960068746958143e+01
-5.200476882973821802e+01
-5.260878766143511598e+01
-5.320143114104866555e+01
-5.378239894356477890e+01
-5.435146502747181785e+01
-5.490855191826319981e+01
-5.545335929092478722e+01
-5.598573538744751232e+01
-5.650537988281723045e+01
-5.701221530252732350e+01
-5.750601560506622434e+01
-5.798648046541979539e+01
-5.845360669258394637e+01
-5.890709396154456101e+01
-5.934679051429251473e+01
-5.977254459281871846e+01
-6.018420443911406181e+01
-6.058154401166692793e+01
-6.096441155246820642e+01
-6.133287815401631349e+01
-6.168678950756706314e+01
-6.202598110143610910e+01
-6.235043444020904957e+01
-6.266005674496898337e+01
-6.295468095329652414e+01
-6.323428856977724166e+01
-6.349878681549424897e+01
-6.374800862802813128e+01
-6.398200979546700040e+01
-6.420054897188894927e+01
-6.440360766187959030e+01
-6.459116737002447906e+01
-6.476306103390423630e+01
-6.491934444160698092e+01
-6.505999909771830403e+01
-6.518493222332125470e+01
-6.529412532300149508e+01
-6.538755990134458784e+01
-6.546521746293613830e+01
-6.552715379586425115e+01
-6.557335040471450327e+01
-6.560378879407249997e+01
-6.561852475202636015e+01
-6.561761406666416008e+01
-6.560103824257150507e+01
-6.556877878433397200e+01
-6.552096576354219337e+01
-6.545758068478174607e+01
-6.537867933614072058e+01
-6.528416893870225124e+01
-6.517425384755938467e+01
-6.504884128379524100e+01
-6.490798703549793913e+01
-6.475182117425804051e+01
-6.458047377166616343e+01
-6.439414918281541134e+01
-6.419282891229136112e+01
-6.397679159868962273e+01
-6.374609303009828665e+01
-6.350086327810795694e+01
-6.324130669781172998e+01
-6.296740479379521815e+01
-6.267936192115148231e+01
-6.237723386796866265e+01
-6.206122498933982712e+01
-6.173131678985057391e+01
-6.138778790809652719e+01
-6.103061984866325673e+01
-6.066016553364885766e+01
-6.027655503464394826e+01
-5.987999314925295380e+01
-5.947053787812069459e+01
-5.904854479841333159e+01
-5.861414663678949211e+01
-5.816747611990784605e+01
-5.770874025792952722e+01
-5.723822034451823271e+01
-5.675597482283006912e+01
-5.626228498652871224e+01
-5.575735784577531717e+01
-5.524132612722852542e+01
-5.471454540805449795e+01
-5.417707413140936268e+01
-5.362941644146432196e+01
-5.307163078137549661e+01
-5.250407272830904049e+01
-5.192694929242610868e+01
-5.134061605089286218e+01
-5.074513144686544308e+01
-5.014092534101251175e+01
-4.952820474349522328e+01
-4.890710238097221918e+01
-4.827797383060966041e+01
-4.764095181906620979e+01
-4.699639192350799988e+01
-4.634457543759869935e+01
-4.568563508799694972e+01
-4.501985216836641257e+01
-4.434765653937574115e+01
-4.366910664418107757e+01
-4.298463234345108930e+01
-4.229436636384442494e+01
-4.159866428252723125e+01
-4.089773310966066333e+01
-4.019192842241088925e+01
-3.948145723093904280e+01
-3.876667511241127784e+01
-3.804771479348625718e+01
-3.732500613483262697e+01
-3.659868186310905003e+01
-3.586909755548167311e+01
-3.513646022211163711e+01
-3.440105115666261781e+01
-3.366322593630074778e+01
-3.292311728768469692e+01
-3.218100650447810551e+01
-3.143732344734963391e+01
-3.069212655945543489e+01
-2.994591998496665752e+01
-2.919883645054195398e+01
-2.845123419730062864e+01
-2.770340783867209922e+01
-2.695565465203889488e+01
-2.620827191478359453e+01
-2.546148262078623148e+01
-2.471550976392687105e+01
-2.397072490509056664e+01
-2.322735103815736935e+01
-2.248561115700733737e+01
-2.174587682252552412e+01
-2.100829674508947775e+01
-2.027324248558425879e+01
-1.954093703788992187e+01
-1.881160339588651809e+01
-1.808546455345409854e+01
-1.736296635498022667e+01
-1.664418322733994771e+01
-1.592948673141832217e+01
-1.521909986109539936e+01
-1.451317132674873811e+01
-1.381207268926339005e+01
-1.311595265901690688e+01
-1.242510851339184796e+01
-1.173976324626826262e+01
-1.106021413502870665e+01
-1.038653560654823593e+01
-9.719099221711903880e+00
-9.058053690897265753e+00
-8.403607151283871701e+00
-7.756019738503028726e+00
-7.115492161384041836e+00
-6.482232557106463844e+00
-5.856419349448850120e+00
-5.238260675590752591e+00
-4.627949816011226680e+00
-4.025665194488828647e+00
-3.431622376553359111e+00
-2.845992357633123859e+00
-2.268960989856926957e+00
-1.700694068807898418e+00
-1.141358875739215684e+00
-5.911241775741096216e-01
-5.016765525610823728e-02
4.813500954768333284e-01
1.003265507546661661e+00
1.515429870575822235e+00
2.017731615938011203e+00
2.510029461605923551e+00
2.992196982252756321e+00
3.464100324201454750e+00
3.925603370761136190e+00
4.376583238236359641e+00
4.816899923217352608e+00
5.246457992395847647e+00
5.665132299062572763e+00
6.072805124858506431e+00
6.469358751424630682e+00
6.854660603701423938e+00
7.228704388583616414e+00
7.591253534108186152e+00
7.942368602322114945e+00
8.281961588267380492e+00
8.610018770488466089e+00
8.926377860524846497e+00
9.231099420423504398e+00
9.524021161723920770e+00
9.805129362970570028e+00
1.007441030270793725e+01
1.033185025948050040e+01
1.057728694482773868e+01
1.081078092079663122e+01
1.103231846593165955e+01
1.124173729177230285e+01
1.143909796036553850e+01
1.162438675025584978e+01
1.179758993998771288e+01
1.195876809160810872e+01
1.210783320015901765e+01
1.224492011118991996e+01
1.236986653624029486e+01
1.248273303735711792e+01
1.258358017658737715e+01
1.267239423247554519e+01
1.274923576706860295e+01
1.281409105891103195e+01
1.286694638654731193e+01
1.290786231202442202e+01
1.293689939738934136e+01
1.295411820468904729e+01
1.295965357947302543e+01
1.295341751678325082e+01
1.293561914567170490e+01
1.290624474468286742e+01
1.286542915936621689e+01
1.281323295176873245e+01
1.274971668393739677e+01
1.267494091791918720e+01
1.258904049926358404e+01
1.249207599001756641e+01
1.238410795222811522e+01
1.226527131605878829e+01
1.213562706662696122e+01
1.199538484066908950e+01
1.184453142441413220e+01
1.168327645459853947e+01
1.151168100095376801e+01
1.132995470021627504e+01
1.113815862211751373e+01
1.093650240339394131e+01
1.072497283027451331e+01
1.050392810650068398e+01
1.027335501830140707e+01
1.003346320241313805e+01
9.784388012069834772e+00
9.526339084007952707e+00
9.259377487958944997e+00
8.983712860659267108e+00
8.699406271840375737e+00
8.406741641741225735e+00
8.105854323595771405e+00
7.796835100536469554e+00
7.479871324249026898e+00
7.155150346419143936e+00
6.822874375433029215e+00
6.483223334626138090e+00
6.136406860734925139e+00
5.782597448744597024e+00
5.422012163741857016e+00
5.054823500711911777e+00
4.681218811340466246e+00
4.301378018962975780e+00
3.915481046914896179e+00
3.523700390181432329e+00
3.126223400448288725e+00
2.723230001050922500e+00
2.314885258624287623e+00
1.901398809904840004e+00
1.482961720753409596e+00
1.059762828525751877e+00
6.319998845979224456e-01
1.998646976657758034e-01
-2.364382953794065545e-01
-6.767291712021696881e-01
-1.120798293066059159e+00
-1.568450880935118530e+00
-2.019484726423143695e+00
-2.473705049494177022e+00
-2.930909641762016182e+00
-3.390896294840453518e+00
-3.853470228693534505e+00
-4.318442125538388687e+00
-4.785614803203476875e+00
-5.254781685069850106e+00
-5.725743622868803229e+00
-6.198331181732633866e+00
-6.672300643291139366e+00
-7.147408289174118856e+00
-7.623581253067118979e+00
-8.100449534645685290e+00
-8.577940267595367985e+00
-9.055683451591709954e+00
-9.533606220320265834e+00
-1.001141285695907968e+01
-1.048888192818869491e+01
-1.096586628419216325e+01
-1.144221877515252928e+01
-1.191764368424784593e+01
-1.239199386166115247e+01
-1.286512215757550237e+01
-1.333673285516894502e+01
-1.380682737162952201e+01
-1.427503570663277976e+01
-1.474128499386427116e+01
-1.520527951650204024e+01
-1.566694640823163631e+01
-1.612606423573360814e+01
-1.658241156568849917e+01
-1.703576696477685459e+01
-1.748613185018673022e+01
-1.793313622159367071e+01
-1.837678149618571766e+01
-1.881677195714092576e+01
-1.925303473814483723e+01
-1.968534840587800261e+01
-2.011364009402596409e+01
-2.053761408576677994e+01
-2.095727179828848463e+01
-2.137231751476913288e+01
-2.178267836889427400e+01
-2.218828149434945018e+01
-2.258883117431271259e+01
-2.298425454246960697e+01
-2.337447873250567909e+01
-2.375928231110147948e+01
-2.413851812844005451e+01
-2.451218760170944932e+01
-2.488006929759021091e+01
-2.524201606626539274e+01
-2.559795504142053701e+01
-2.594773907323869366e+01
-2.629129345979729848e+01
-2.662853615674135455e+01
-2.695930900060524493e+01
-2.728345382792335627e+01
-2.760096104223508462e+01
-2.791174676357731954e+01
-2.821557854498193763e+01
-2.851244678998834203e+01
-2.880226761863341878e+01
-2.908495715095405032e+01
-2.936043150698712978e+01
-2.962853252326704379e+01
-2.988932488683569133e+01
-3.014265043422744839e+01
-3.038835100197670513e+01
-3.062649127712534991e+01
-3.085698737971028294e+01
-3.107968114626588374e+01
-3.129456298033153772e+01
-3.150154900194415220e+01
-3.170062961464309481e+01
-3.189172093846525513e+01
-3.207488766045253925e+01
-3.224997161713931604e+01
-3.241703749556749159e+01
-3.257607569927645130e+01
-3.272700234830307409e+01
-3.286980784618676665e+01
-3.300448259646689309e+01
-3.313094271918036071e+01
-3.324925290136904721e+01
-3.335940354657235218e+01
-3.346123649132466227e+01
-3.355489070617036163e+01
-3.364028231114634337e+01
-3.371740170979198581e+01
-3.378638787265169441e+01
-3.384715691976234808e+01
-3.389969925466333933e+01
-3.394407956439654583e+01
-3.398028825250137430e+01
-3.400831572251721013e+01
-3.402830094498842328e+01
-3.404008575644943591e+01
-3.404380912744460375e+01
-3.403946146151333352e+01
-3.402710744569750290e+01
-3.400666320003401921e+01
-3.397834197856975180e+01
-3.394205990134160089e+01
-3.389795583465231488e+01
-3.384601966083311453e+01
-3.378646400848107589e+01
-3.371927865568577687e+01
-3.364452766403929473e+01
-3.356234937863620615e+01
-3.347265929406359675e+01
-3.337567003891854966e+01
-3.327137139129063570e+01
-3.315982741277192503e+01
-3.304117644845702273e+01
-3.291548255993799188e+01
-3.278280980880690265e+01
-3.264314797315335426e+01
-3.249678396507691502e+01
-3.234370756266716995e+01
-3.218398282751618211e+01
-3.201782238822104887e+01
-3.184514173936884163e+01
-3.166622779305914648e+01
-3.148107032738153421e+01
-3.128980768743058150e+01
-3.109265250180337148e+01
-3.088952026508698978e+01
-3.068069788938100828e+01
-3.046617515277501198e+01
-3.024609040036357044e+01
-3.002058197724127098e+01
-2.978978822850268671e+01
-2.955369893223739908e+01
-2.931252671704249479e+01
-2.906633564451004048e+01
-2.881526405973462346e+01
-2.855937602430832101e+01
-2.829888416682821628e+01
-2.803392683238888594e+01
-2.776456808258239661e+01
-2.749109482950834860e+01
-2.721349685125630913e+01
-2.693198677642335070e+01
-2.664662866660156837e+01
-2.635770943389053400e+01
-2.606514457287732611e+01
-2.576914671215902075e+01
-2.546985419683020169e+01
-2.516740537198544914e+01
-2.486179001571433744e+01
-2.455336932361894853e+01
-2.424205879028636090e+01
-2.392814532781615711e+01
-2.361169443012885694e+01
-2.329292588746378811e+01
-2.297191235538370435e+01
-2.264880077295386940e+01
-2.232381236274206060e+01
-2.199694549680853584e+01
-2.166849568122355407e+01
-2.133853557154989034e+01
-2.100721210685279772e+01
-2.067459794269505124e+01
-2.034091430164441050e+01
-2.000623383926363985e+01
-1.967085206162300892e+01
-1.933476734078277204e+01
-1.899812661580820716e+01
-1.866122539276956616e+01
-1.832406204372712466e+01
-1.798685779124863870e+01
-1.764968529089688332e+01
-1.731276576523961097e+01
-1.697624615334208897e+01
-1.664012482726458941e+01
-1.630462300957487187e+01
-1.596988763933820188e+01
-1.563599137211734025e+01
-1.530315543048005900e+01
-1.497137818648661778e+01
-1.464088086270477973e+01
-1.431173611469731810e+01
-1.398416516503198714e+01
-1.365816638576905717e+01
-1.333403528297879070e+01
-1.301169594521895334e+01
-1.269136959505731177e+01
-1.237320317155912619e+01
-1.205719504678466514e+01
-1.174364072680419113e+01
-1.143246430017546977e+01
-1.112396127296876536e+01
-1.081805573374184171e+01
-1.051496890506246551e+01
-1.021477344249339936e+01
-9.917616285099910556e+00
-9.623570088444761694e+00
-9.332707508090715365e+00
-9.045101199600541264e+00
-8.760972385542000751e+00
-8.480393721477856417e+00
-8.203289295965879191e+00
-7.929954615076329816e+00
-7.660382064705641092e+00
-7.394681224749677817e+00
-7.132963117290720412e+00
-6.875309051010049188e+00
-6.621792906238695764e+00
-6.372503420008190922e+00
-6.127514472649567168e+00
-5.886907372844106590e+00
-5.650770857623337307e+00
-5.419178807318292712e+00
-5.192197673909754840e+00
-4.969886481028253478e+00
-4.752319109004819353e+00
-4.539562009820235389e+00
-4.331674207105032259e+00
-4.128714724489740640e+00
-3.930757442305392590e+00
-3.737846527482019177e+00
-3.550033575299901933e+00
-3.367370181039321952e+00
-3.189907939980559881e+00
-3.017691019053647672e+00
-2.850778441889116444e+00
-2.689214375416997260e+00
-2.533020701516571993e+00
-2.382241587117871262e+00
-2.236891485749926467e+00
-2.096999707642269506e+00
-1.962602991374680528e+00
-1.833730647176692097e+00
-1.710397128577334280e+00
-1.592624317455888949e+00
-1.480434095691637753e+00
-1.373833488463361396e+00
-1.272844377650341086e+00
-1.177473788431358193e+00
-1.087743602685694588e+00
-1.003660845592130979e+00
-9.252325423294487372e-01
-8.524508613759288478e-01
-7.853153995601033222e-01
-7.238183253602528122e-01
-6.679592356049086632e-01
-6.177377271226024424e-01
-5.731385400413651077e-01
-5.341612711897282262e-01
-5.007906606957229778e-01
-4.730040203371304042e-01
-4.507935185922321009e-01
-4.341364672388091650e-01
-4.230326512165348829e-01
-4.174528945086503628e-01
-4.173682092095384877e-01
-4.227421790633323906e-01
-4.335235311136650949e-01
-4.496907058051696215e-01
-4.711998585317289101e-01
-4.980071446872263996e-01
-5.300761480157945016e-01
-5.673630239113166551e-01
-6.098164994174256615e-01
-6.573853015777546549e-01
-7.100330141364367131e-01
-7.677083641371046374e-01
-8.303600786233918951e-01
-8.979368846389309544e-01
-9.703875092273553937e-01
-1.047638394381547933e+00
-1.129638267145141484e+00
-1.216320997861269460e+00
-1.307620456873064274e+00
-1.403477942873909701e+00
-1.503827326206938375e+00
-1.608602477215283155e+00
-1.717722409541577289e+00
-1.831120993528953855e+00
-1.948724671170295020e+00
-2.070459884458485611e+00
-2.196253075386407350e+00
-2.326030685946943510e+00
-2.459719158132977590e+00
-2.597237505587140838e+00
-2.738504741952068944e+00
-2.883454737570892767e+00
-3.032013934436497138e+00
-3.184086489491013694e+00
-3.339613701427825987e+00
-3.498492298838816073e+00
-3.660633867016368281e+00
-3.825949991252866056e+00
-3.994352256840691062e+00
-4.165737392371726244e+00
-4.340024411488606404e+00
-4.517124899483712319e+00
-4.696935584948928266e+00
-4.879375481526887270e+00
-5.064363602860223246e+00
-5.251811534241316970e+00
-5.441630860962551886e+00
-5.633725739966063628e+00
-5.828014148283529927e+00
-6.024395059802325925e+00
-6.222744126748119164e+00
-6.423063283300835202e+00
-6.625094471381640204e+00
-6.828839625170457062e+00
-7.034226395344705729e+00
-7.241033865576805617e+00
-7.449263970046679617e+00
-7.658844359431748572e+00
-7.869554117404431004e+00
-8.081320894642146868e+00
-8.294146625324820832e+00
-8.507810393124870529e+00
-8.722314132222217964e+00
-8.937511209791782818e+00
-9.153254993008484774e+00
-9.369547416052247613e+00
-9.586167562595489855e+00
-9.803117366818131728e+00
-1.002025019589509469e+01
-1.023749370050379959e+01
-1.045470124781916610e+01
-1.067180048851861329e+01
-1.088871907327956734e+01
-1.110538465277944553e+01
-1.132157631069066817e+01
-1.153737026469565663e+01
-1.175254559846682945e+01
-1.196702996268161279e+01
-1.218075100801741861e+01
-1.239363638515167487e+01
-1.260561374476179886e+01
-1.281653645402271380e+01
-1.302633216361184054e+01
-1.323492852420659283e+01
-1.344217890298190099e+01
-1.364808523411767816e+01
-1.385250088478884756e+01
-1.405542778917533120e+01
-1.425671931445205232e+01
-1.445622882779392349e+01
-1.465403254688337142e+01
-1.484990955539281465e+01
-1.504386178750217340e+01
-1.523574261038637090e+01
-1.542555395822532915e+01
-1.561314919819396252e+01
-1.579845598096969717e+01
-1.598147624073244799e+01
-1.616206219635591523e+01
-1.634013575701141008e+01
-1.651569196707151121e+01
-1.668865158740629440e+01
-1.685886109538335376e+01
-1.702638981887776737e+01
-1.719115851875961809e+01
-1.735293938889399357e+01
-1.751187604065846770e+01
-1.766774066791812459e+01
-1.782060259854805295e+01
-1.797030830991583272e+01
-1.811685284639404614e+01
-1.826015696885277606e+01
-1.840014143816210535e+01
-1.853680129869461624e+01
-1.867005731132039514e+01
-1.879990452041202076e+01
-1.892626368683957594e+01
-1.904912985497564293e+01
-1.916834950218781231e+01
-1.928406623985365442e+01
-1.939605226183826403e+01
-1.950430261251421271e+01
-1.960888661975659275e+01
-1.970965076093298052e+01
-1.980659008041596891e+01
-1.989969962257812597e+01
-1.998890014828954520e+01
-2.007418670192280885e+01
-2.015555432785048851e+01
-2.023299807044517706e+01
-2.030651297407946387e+01
-2.037601979962341758e+01
-2.044151359144962754e+01
-2.050298939393067599e+01
-2.056044225143914517e+01
-2.061386720834762087e+01
-2.066318502552617886e+01
-2.070846503084991141e+01
-2.074962798518889073e+01
-2.078666893291570972e+01
-2.081965720190544644e+01
-2.084843926952568438e+01
-2.087315874715400099e+01
-2.089373639566049334e+01
-2.091016725941772947e+01
-2.092252066630079455e+01
-2.093071737717978209e+01
-2.093482671992976307e+01
-2.093476919516200496e+01
-2.093068711295999051e+01
-2.092249967264089960e+01
-2.091020035702439017e+01
-2.089385693243263376e+01
-2.087346288168529895e+01
-2.084908597110454664e+01
-2.082064540000754960e+01
-2.078820893471647580e+01
-2.075177005805099739e+01
-2.071132225283077588e+01
-2.066693328537797925e+01
-2.061859663851227964e+01
-2.056638007855584149e+01
-2.051027708832832985e+01
-2.045035543415191981e+01
-2.038668288234877224e+01
-2.031925291573856285e+01
-2.024813330064345251e+01
-2.017339180338561277e+01
-2.009494762328220574e+01
-2.001294281015790943e+01
-1.992744513033488474e+01
-1.983837378313029731e+01
-1.974579653486631869e+01
-1.964985543536761980e+01
-1.955046968395136275e+01
-1.944770704693971553e+01
-1.934163529065484965e+01
-1.923232218141892957e+01
-1.911976120205163099e+01
-1.900409440237760705e+01
-1.888531526521654058e+01
-1.876349155689058890e+01
-1.863861676021942770e+01
-1.851083292502772082e+01
-1.838005925063263390e+01
-1.824651207036133727e+01
-1.811011058353100012e+01
-1.797099683996628627e+01
-1.782916432248687144e+01
-1.768468079741491294e+01
-1.753761403107258232e+01
-1.738803178978205111e+01
-1.723600183986549084e+01
-1.708151766414255590e+01
-1.692479559594042726e+01
-1.676582911807875931e+01
-1.660468599687973068e+01
-1.644135971516300998e+01
-1.627599302579423934e+01
-1.610858292679799320e+01
-1.593920140274232544e+01
-1.576799472169778404e+01
-1.559488630122742769e+01
-1.542009669290430374e+01
-1.524354931429146731e+01
-1.506546471696197287e+01
-1.488584060198136783e+01
-1.470467467041520671e+01
-1.452218747383654929e+01
-1.433830242980843472e+01
-1.415324008990392457e+01
-1.396699815518856980e+01
-1.377957432672792315e+01
-1.359118915609503375e+01
-1.340176606085295674e+01
-1.321152559257474657e+01
-1.302039116882345304e+01
-1.282850905766962946e+01
-1.263595124368132971e+01
-1.244278971142660417e+01
-1.224909644547350496e+01
-1.205486914688758660e+01
-1.186025408373940060e+01
-1.166524895709449972e+01
-1.147000003502343723e+01
-1.127457930209426351e+01
-1.107898445937253484e+01
-1.088336177492880097e+01
-1.068770894982861464e+01
-1.049217225214252558e+01
-1.029682366643859126e+01
-1.010166089378236443e+01
-9.906830202244394812e+00
-9.712329292890235166e+00
-9.518230150287937619e+00
-9.324604759005556076e+00
-9.131525103611140892e+00
-8.939063168672749526e+00
-8.747216655255927620e+00
-8.556131831431235568e+00
-8.365880681766716620e+00
-8.176386623825431244e+00
-7.987870209180428560e+00
-7.800329138897262204e+00
-7.613790827442484144e+00
-7.428356972785146617e+00
-7.244069846092301646e+00
-7.060979146881251722e+00
-6.879142890539982957e+00
-6.698622642538210492e+00
-6.519473427515829478e+00
-6.341765126813236897e+00
-6.165545336720081870e+00
-5.990861653526009079e+00
-5.817783958571415504e+00
-5.646359848145949378e+00
-5.476651775239755437e+00
-5.308699907792233219e+00
-5.142566698793527458e+00
-4.978307172883535969e+00
-4.815946641301156461e+00
-4.655554985386784139e+00
-4.497157516379317599e+00
-4.340809258918651992e+00
-4.186550380944185967e+00
-4.034435907095815566e+00
-3.884498576962687189e+00
-3.736771130133948127e+00
-3.591301162899245725e+00
-3.448121414847727273e+00
-3.307272053918787869e+00
-3.168793248051826605e+00
-3.032717736835988109e+00
-2.899078259860421003e+00
-2.767914985064522160e+00
-2.639253223687187067e+00
-2.513118286967314319e+00
-2.389557771194549485e+00
-2.268596987607789828e+00
-2.150268675796182638e+00
-2.034583290298125124e+00
-1.921573570702763689e+00
-1.811264828248994707e+00
-1.703667517475215609e+00
-1.598806949620323659e+00
-1.496701007572965425e+00
-1.397375002572037506e+00
-1.300846817506186914e+00
-1.207126906913811082e+00
-1.116225725333306107e+00
-1.028168584003569697e+00
-9.429607376178233968e-01
-8.606237832398389020e-01
-7.811689182430382461e-01
-7.046051114957684325e-01
-6.309383605262763872e-01
-5.601754056978337504e-01
-4.923237302087378198e-01
-4.273903648759491136e-01
-3.653827594961590042e-01
-3.063079114847230278e-01
-2.501668755767962327e-01
-1.969578094509366606e-01
-1.466790193527069130e-01
-9.932933151218738266e-02
-5.490720074194587602e-02
-1.341145327206265218e-02
2.516101603844694487e-02
6.081531798513513387e-02
9.356079752319659826e-02
1.234030854327010651e-01
1.503507838338182245e-01
1.744110091766677417e-01
1.955908779113693374e-01
2.139012206631677182e-01
2.293595535725325707e-01
2.419878497900835590e-01
2.518065967963905027e-01
2.588362820720229718e-01
2.630996216026257328e-01
2.646156171987184558e-01
2.634069848459457686e-01
2.594934691898525547e-01
2.528970433810583396e-01
2.436381949001328873e-01
2.317381540626709258e-01
2.172174083492420527e-01
2.000979309104660708e-01
1.804014720464552080e-01
1.581571361240690088e-01
1.333951417627047553e-01
1.061459304322672215e-01
7.643942361814345943e-02
4.430710275927327718e-02
9.778146506018827247e-03
-2.711730080572516410e-02
-6.634686633498902697e-02
-1.078789200758280692e-01
-1.516840605273725995e-01
-1.977284291786028103e-01
-2.459818816936241714e-01
-2.964135309015167863e-01
-3.489895182912611804e-01
-4.036707855066625217e-01
-4.604197598615762388e-01
-5.191877261444824976e-01
-5.799460256895363486e-01
-6.426474289552687180e-01
-7.072591335573363835e-01
-7.737243338871550025e-01
-8.420155081937662489e-01
-9.120828496754626036e-01
-9.838839798807866854e-01
-1.057391377058780169e+00
-1.132555234407735423e+00
-1.209333173476194734e+00
-1.287682815812700277e+00
-1.367561782965794226e+00
-1.448920268133768952e+00
-1.531715892865166406e+00
-1.615891422008029155e+00
-1.701411905461149621e+00
-1.788227536422819508e+00
-1.876281079741080715e+00
-1.965537585314726110e+00
-2.055939817991797813e+00
-2.147445399320838000e+00
-2.240011950850389066e+00
-2.333589665778742717e+00
-2.428121308953941515e+00
-2.523571930274777664e+00
-2.619884294589293727e+00
-2.717023451796281019e+00
-2.814932166743783437e+00
-2.913568060980341379e+00
-3.012888756054497019e+00
-3.112837016814294255e+00
-3.213370464808273930e+00
-3.314439293234729522e+00
-3.416001123642201431e+00
-3.518006149228983137e+00
-3.620404563193366787e+00
-3.723146558733644085e+00
-3.826182329048108510e+00
-3.929476924035550489e+00
-4.032973108544013918e+00
-4.136628504122039196e+00
-4.240408160668420301e+00
-4.344254843031198909e+00
-4.448133601109166335e+00
-4.551987199750366031e+00
-4.655788117203838894e+00
-4.759479118317629265e+00
-4.863032681340777152e+00
-4.966391571121326010e+00
-5.069513409207817567e+00
-5.172370673849294498e+00
-5.274906129893798479e+00
-5.377084174101092628e+00
-5.478859162324568821e+00
-5.580184797278592512e+00
-5.681029638378023883e+00
-5.781339959986978805e+00
-5.881084321520321012e+00
-5.980208997342161936e+00
-6.078682546867364422e+00
-6.176458672810293038e+00
-6.273498506235562822e+00
-6.369763178207785259e+00
-6.465221248141822308e+00
-6.559826418752038535e+00
-6.653539821103048979e+00
-6.746322586259464238e+00
-6.838180415387400402e+00
-6.928985299348467741e+00
-7.018772652709781568e+00
-7.107466464784703675e+00
-7.195139291891599953e+00
-7.281640839841332813e+00
-7.366969381449761656e+00
-7.451123189532754765e+00
-7.534026253403673934e+00
-7.615676845878381229e+00
-7.696073239772742269e+00
-7.775139424400120625e+00
-7.852873672576375697e+00
-7.929274257117373992e+00
-8.004265167336477305e+00
-8.077770392547050093e+00
-8.149862489067455584e+00
-8.220539729713557620e+00
-8.289651820296217721e+00
-8.357271317133799116e+00
-8.423322209539668037e+00
-8.487877053832184160e+00
-8.550785555822216111e+00
-8.612120271828120011e+00
-8.671805191163263871e+00
-8.729912870146009141e+00
-8.786367298089723832e+00
-8.841092464307763521e+00
-8.894235208620997923e+00
-8.945570953337785625e+00
-8.995246538278994564e+00
-9.043185952757983870e+00
-9.089461753093118546e+00
-9.133923645095263666e+00
-9.176569901580279520e+00
-9.217547103043896684e+00
-9.256629375168802909e+00
-9.294036285327555547e+00
-9.329541699877701433e+00
-9.363290902689302087e+00
-9.395206327124906664e+00
-9.425284690049570813e+00
-9.453522708328350177e+00
-9.479917098826296851e+00
-9.504538861910967640e+00
-9.527310430944911701e+00
-9.548154239290687073e+00
-9.567215570818344617e+00
-9.584491142392943530e+00
-9.599829103874533587e+00
-9.613374739133169200e+00
-9.625050481531404856e+00
-9.634853047934297976e+00
-9.642853438709398262e+00
-9.649048370721759582e+00
-9.653360277333938200e+00
-9.655860158913489144e+00
-9.656544732325462732e+00
-9.655410714434914610e+00
-9.652529105609401583e+00
-9.647822339211474585e+00
-9.641287132106187485e+00
-9.633068768163598250e+00
-9.623089680746256036e+00
-9.611346586719216489e+00
-9.597910486450034639e+00
-9.582703813301264972e+00
-9.565797567640460741e+00
-9.547188466332675816e+00
-9.526873226242964066e+00
-9.504922847738878744e+00
-9.481334047685475497e+00
-9.456029259445308810e+00
-9.429153766888429544e+00
-9.400704286879896898e+00
-9.370603252782260029e+00
-9.338921664963077518e+00
-9.305730523789899067e+00
-9.271026546127782098e+00
-9.234732165339277543e+00
-9.196992665294441593e+00
-9.157730479355828734e+00
-9.117016607890990443e+00
-9.074847767764982365e+00
-9.031294959345359530e+00
-8.986280856072264456e+00
-8.939951942203682833e+00
-8.892232091567695562e+00
-8.843268028499885247e+00
-8.792909343325824523e+00
-8.741302760381092440e+00
-8.688520720498770444e+00
-8.634487097506932329e+00
-8.579274332238657763e+00
-8.522806298522027646e+00
-8.465304004195118637e+00
-8.406617039583508699e+00
-8.346892129022775109e+00
-8.286053146340998765e+00
-8.224246815873755168e+00
-8.161397011449123440e+00
-8.097576173900183250e+00
-8.032782460557509552e+00
-7.967162595756685839e+00
-7.900566169823285634e+00
-7.833139907092888876e+00
-7.764881964896073185e+00
-7.695864784065917341e+00
-7.626086521932999851e+00
-7.555545335827899223e+00
-7.484313666583691571e+00
-7.412389671530958957e+00
-7.339816078101776498e+00
-7.266635613728223753e+00
-7.192876149141877562e+00
-7.118558126724068735e+00
-7.043709417206372336e+00
-6.968365319670620117e+00
-6.892546276498136670e+00
-6.816287586770752860e+00
-6.739617121220046414e+00
-6.662577607278094227e+00
-6.585196915676476692e+00
-6.507502917146770649e+00
-6.429523482420554714e+00
-6.351301338929908447e+00
-6.272864357406406910e+00
-6.194232980231380026e+00
-6.115435078136407299e+00
-6.036505950203316040e+00
-5.957473467163683090e+00
-5.878358071398839257e+00
-5.799195061990610078e+00
-5.720004881320326362e+00
-5.640822828469814532e+00
-5.561677277699823563e+00
-5.482591189037520962e+00
-5.403610311089998675e+00
-5.324750679063344982e+00
-5.246050613214399583e+00
-5.167533577099502118e+00
-5.089237890975490508e+00
-5.011179590048457477e+00
-4.933389566224988698e+00
-4.855906139761925644e+00
-4.778745345865356597e+00
-4.701938076441871672e+00
-4.625515223398060982e+00
-4.549500250290261505e+00
-4.473924049025064242e+00
-4.398810083158808837e+00
-4.324189244598083626e+00
-4.250092425249478723e+00
-4.176535660319082410e+00
-4.103549841713485691e+00
-4.031151004638777735e+00
-3.959377469351797352e+00
-3.888237842708382797e+00
-3.817763016615125959e+00
-3.747976454628363818e+00
-3.678894191954186876e+00
-3.610539692148934332e+00
-3.542936418768945828e+00
-3.476107835370560117e+00
-3.410062548809617677e+00
-3.344838879342955984e+00
-3.280445433826415957e+00
-3.216905675816337240e+00
-3.154235640518807671e+00
-3.092451363139918197e+00
-3.031576307236007128e+00
-2.971626508013164081e+00
-2.912610572327229086e+00
-2.854551963734540010e+00
-2.797466717441187800e+00
-2.741370868653260739e+00
-2.686273024226599304e+00
-2.632189219367291777e+00
-2.579135489281427773e+00
-2.527127869175097352e+00
-2.476167537553889186e+00
-2.426285386324392945e+00
-2.377475165641947719e+00
-2.329760339062893149e+00
-2.283142085092818352e+00
-2.237636520375465121e+00
-2.193245230604684792e+00
-2.149992167962731404e+00
-2.107886427931358053e+00
-2.066922249291818225e+00
-2.027116155876115933e+00
-1.988469814815754688e+00
-1.950999749942737616e+00
-1.914707628388569338e+00
-1.879595117284752481e+00
-1.845671312113040807e+00
-1.812945308355188745e+00
-1.781411344792448892e+00
-1.751078516906575899e+00
-1.721948491829072614e+00
-1.694022936691442549e+00
-1.667303518625189662e+00
-1.641791904761817467e+00
-1.617489762232829920e+00
-1.594398758169730090e+00
-1.572513131353771909e+00
-1.551834548916458889e+00
-1.532364677989294766e+00
-1.514097757353533025e+00
-1.497042882490927429e+00
-1.481186863832481215e+00
-1.466523940159448314e+00
-1.453055778603332460e+00
-1.440769189595137112e+00
-1.429673268616615589e+00
-1.419739969398271962e+00
-1.410985815772109797e+00
-1.403397618169132333e+00
-1.396962187020343471e+00
-1.391681189457246948e+00
-1.387541435910846221e+00
-1.384537165162394778e+00
-1.382670044343396354e+00
-1.381919455534604380e+00
-1.382279637517273008e+00
-1.383744829072655502e+00
-1.386301840631755100e+00
-1.389944910975825954e+00
-1.394653422185621716e+00
-1.400421613042395652e+00
-1.407243722327401247e+00
-1.415099132121392822e+00
-1.423982081205623418e+00
-1.433879380011096716e+00
-1.444777838968816175e+00
