# tt
1.171703048128926184e+03
1.086542035650469870e+03
1.009208311917162177e+03
9.501519224115990028e+02
9.074749835151762909e+02
8.780737063207305937e+02
8.583233366938910649e+02
8.456633526380328476e+02
8.388059970805991270e+02
8.361297192818360600e+02
8.370606599007001023e+02
8.408620008520514375e+02
8.459829791410272719e+02
8.521571644219703785e+02
8.602857998936873400e+02
8.702299162830388468e+02
8.811759370141057843e+02
8.938213667119817956e+02
9.064071256416719962e+02
9.195271649375705465e+02
9.331391163630547680e+02
9.468707387317991788e+02
9.610739682656976584e+02
9.759028543039735268e+02
9.908670196895994877e+02
1.006305315471212793e+03
1.021993567484564323e+03
1.037931888369443641e+03
1.054391933794534225e+03
1.070702155629307526e+03
1.087587884614810264e+03
1.104527688065856182e+03
1.121541400018872764e+03
1.139297338529982198e+03
1.156944992314565070e+03
1.174865811823091235e+03
1.193017803552740816e+03
1.211330293049945112e+03
1.229794147863261287e+03
1.248386978606931052e+03
1.267144793411686805e+03
1.286105200174446964e+03
1.305342948543378952e+03
1.324947644867150757e+03
1.344896754637793038e+03
1.365127739184538541e+03
1.385555059182981722e+03
1.406108032009218960e+03
1.426782830191594712e+03
1.447594797001505412e+03
1.468509676728300292e+03
1.489490099353628239e+03
1.510550693310889301e+03
1.531720943733982949e+03
1.553140161379220444e+03
1.574911545076558468e+03
1.596988127019615831e+03
1.619278369300510576e+03
1.641757589163611328e+03
1.664428191283487195e+03
1.687289504801759222e+03
1.710353089589749743e+03
1.733615648818279851e+03
1.757096170708922273e+03
1.780829340064853568e+03
1.804808631112174453e+03
1.829013501257589269e+03
1.853415979557553555e+03
1.878002951769022047e+03
1.902761862079103366e+03
1.927786385299016047e+03
1.953163326319882572e+03
1.978875493129324468e+03
2.004898265364714462e+03
2.031168242280369213e+03
2.057570898501883676e+03
2.084108923627049080e+03
2.110844434055654801e+03
2.137817261136741308e+03
2.165066406894561169e+03
2.192605271003459620e+03
2.220409282061744761e+03
2.248476153718472688e+03
2.276796171272452284e+03
2.305363783072827573e+03
2.334145519568594864e+03
2.363119502609337360e+03
2.392293567445638473e+03
2.421668120977832587e+03
2.451250866192362537e+03
2.481041548668860287e+03
2.511054638423318011e+03
2.541282320420978522e+03
2.571739064677833539e+03
2.602417056159124968e+03
2.633315908180346469e+03
2.664442662407238458e+03
2.695774647104542964e+03
2.727326332288253980e+03
2.759089902923612954e+03
2.791064972326110819e+03
2.823236297110740907e+03
2.855603490592995513e+03
2.888158737738116542e+03
2.920894223511345444e+03
2.953802132877925487e+03
2.986867222452848637e+03
3.020096533901856674e+03
3.053474823839941564e+03
3.086994274839697027e+03
3.120654488253369891e+03
3.154447634690307495e+03
3.188365884759859000e+03
3.222401409071370836e+03
3.256553806584441645e+03
3.290815247908419678e+03
3.325170475302401883e+03
3.359619087725987356e+03
3.394153255788522983e+03
3.428765150099357015e+03
3.463439512917586853e+03
3.498175943202811595e+03
3.532966611564378127e+03
3.567796260261384759e+03
3.602664488253429226e+03
3.637556037799609840e+03
3.672463079509273939e+03
3.707385212342019713e+03
3.742307178556945018e+03
3.777213940951924087e+03
3.812113629530687376e+03
3.846984881434742420e+03
3.881828618856344747e+03
3.916630907287251830e+03
3.951392668919720109e+03
3.986099969245507054e+03
4.020746302106619169e+03
4.055317732994813014e+03
4.089822612452595422e+03
4.124239577621473472e+03
4.158562122343455485e+03
4.192791168810794261e+03
4.226905354165000972e+03
4.260905600598329329e+03
4.294763116902037837e+03
4.328471396918132996e+03
4.362016506138371369e+03
4.395384510054509519e+03
4.428561474158305828e+03
4.461525756989326510e+03
4.494284316080384997e+03
4.526821545311609043e+03
4.559136695263622642e+03
4.591221588166800757e+03
4.623082902952018230e+03
4.654697605149151059e+03
4.686072373689074084e+03
4.717191602451912331e+03
4.748047113668041675e+03
4.778615872867336293e+03
4.808889702280172969e+03
4.838860424136924848e+03
4.868505003967468838e+03
4.897822692352429840e+03
4.926797883171931971e+03
4.955422398656352016e+03
4.983688061036064937e+03
5.011586692541444791e+03
5.039110115402867450e+03
5.066242723500457942e+03
5.092991195765092925e+03
5.119332497726645670e+03
5.145258451615491140e+03
5.170768308012256966e+03
5.195846687214152553e+03
5.220486543536983845e+03
5.244673629363396685e+03
5.268408553776531335e+03
5.291684497509281755e+03
5.314487212944289240e+03
5.336817309164698599e+03
5.358667966903401066e+03
5.380024938543039752e+03
5.400888833166758559e+03
5.421245403157199689e+03
5.441095257597504315e+03
5.460431577220568215e+03
5.479240114409030866e+03
5.497521478246037987e+03
5.515268849464481718e+03
5.532467980447003356e+03
5.549112051926496861e+03
5.565209101336356071e+03
5.580744881059220461e+03
5.595720000178235750e+03
5.610135067776545839e+03
5.623990692937289168e+03
5.637265199692861643e+03
5.649974053826906129e+03
5.662102909031767922e+03
5.673644452588856439e+03
5.684576416388786129e+03
5.694906245723169377e+03
5.704604244132370695e+03
5.713677856908002468e+03
5.722112244290928174e+03
5.729899994872261232e+03
5.737070838994363839e+03
5.743609936898101296e+03
5.749524733875085985e+03
5.754830103567180231e+03
5.759526062915749208e+03
5.763620057212403481e+03
5.767112103398510044e+03
5.769987361714929648e+03
5.772245849103026558e+03
5.773887582504164129e+03
5.774905150509453961e+03
5.775291141710012198e+03
5.775053001397450316e+03
5.774175889812631794e+03
5.772667252247169017e+03
5.770534533992678007e+03
5.767777751990519391e+03
5.764389494831808406e+03
5.760377207808156527e+03
5.755740907860928928e+03
5.750488040281737085e+03
5.744611193661696234e+03
5.738117813292417850e+03
5.731015344465517046e+03
5.723296375772105421e+03
5.714960924153547239e+03
5.706023863251704825e+03
5.696470353307442565e+03
5.686322696312873632e+03
5.675573480859111442e+03
5.664230152237769289e+03
5.652292727390209620e+03
5.639761223257795791e+03
5.626650513482391034e+03
5.612960615005360523e+03
5.598691544768067615e+03
5.583858176412371904e+03
5.568467955229889412e+03
5.552513469811734467e+03
5.536017022150017510e+03
5.518971200835853779e+03
5.501390879511107414e+03
5.483268646049107701e+03
5.464611942152561824e+03
5.445420780456146531e+03
5.425710030295034812e+03
5.405464847603401722e+03
5.384700101716422068e+03
5.363423233619022540e+03
5.341649112646375215e+03
5.319385179783406784e+03
5.296653732715541992e+03
5.273454784077454860e+03
5.249810631554570136e+03
5.225728716131814508e+03
5.201216478794111936e+03
5.176273932176137350e+03
5.150908517262813803e+03
5.125135103389318829e+03
5.098953703190325541e+03
5.072364329300509780e+03
5.045374422704797325e+03
5.018006281088610194e+03
4.990252488736375199e+03
4.962142771683767023e+03
4.933669714215210661e+03
4.904848185665880919e+03
4.875700483721201635e+03
4.846226621015848650e+03
4.816434038534747742e+03
4.786337605613072810e+03
4.755952191585998662e+03
4.725277809088200229e+03
4.694329327454851409e+03
4.663121616021129739e+03
4.631654687421706512e+03
4.599943410991760175e+03
4.567995227716212867e+03
4.535832435280491154e+03
4.503455046319269968e+03
4.470870501817473269e+03
4.438101099460525802e+03
4.405154280233352438e+03
4.372030056770628107e+03
4.338743298407530347e+03
4.305308874479229416e+03
4.271726797620403886e+03
4.238011937166226744e+03
4.204164305751373831e+03
4.170206201061268985e+03
4.136145064080837983e+03
4.101988335795005696e+03
4.067750878196964550e+03
4.033447523911985172e+03
3.999085669873102233e+03
3.964680141363605799e+03
3.930245763666780476e+03
3.895782505365415091e+03
3.861312620093046007e+03
3.826843504782710625e+03
3.792382556367447705e+03
3.757929743430042436e+03
3.723514747954282939e+03
3.689130110172704917e+03
3.654798083718848375e+03
3.620526065525749345e+03
3.586314024176194380e+03
3.552184213303721208e+03
3.518144029841367683e+03
3.484208299072419777e+03
3.450376989579665405e+03
3.416657498296141512e+03
3.383079507205636219e+03
3.349628128190435746e+03
3.316333043234327761e+03
3.283186792569849331e+03
3.250211629830537731e+03
3.217407523599180422e+03
3.184789299159064285e+03
3.152364353443226719e+03
3.120140083384705122e+03
3.088131314266786376e+03
3.056338014672258396e+03
3.024775009884407154e+03
2.993442268486021021e+03
2.962354615760386878e+03
2.931526876990792516e+03
2.900959020760023577e+03
2.870658444001118824e+03
2.840632543647114744e+03
2.810896144981299130e+03
2.781456644936708017e+03
2.752314012096130227e+03
2.723475643392602251e+03
2.694948935759161486e+03
2.666733857778594484e+03
2.638837806383939551e+03
2.611268178508232722e+03
2.584024942734262368e+03
2.557115495995065430e+03
2.530554663573928337e+03
2.504342414053639004e+03
2.478493581908734086e+03
2.453015610028493484e+03
2.427908522143198297e+03
2.403179770333378201e+03
2.378844235029813262e+03
2.354894511612533734e+03
2.331338052162069744e+03
2.308182308758950967e+03
2.285427305133458049e+03
2.263073065015871180e+03
2.241127040486719579e+03
2.219589255276284348e+03
2.198474589815345098e+03
2.177768211133681234e+03
2.157492428012324126e+03
2.137639835831303117e+03
2.118217886671148335e+03
2.099226604262140427e+03
2.080666012334558673e+03
2.062550991319183595e+03
2.044866708245795053e+03
2.027628043545173568e+03
2.010827592597348939e+03
1.994472807482851522e+03
1.978556283581710431e+03
1.963085472974457161e+03
1.948067827741620931e+03
1.933488514912982282e+03
1.919362414919320599e+03
1.905689551490916529e+03
1.892462520007800094e+03
1.879688772550501426e+03
1.867368332849300486e+03
1.855493796284227301e+03
1.844065186585562515e+03
1.833089955833835347e+03
1.822568127759326444e+03
1.812484869391815664e+03
1.802847632811833364e+03
1.793656441749659052e+03
1.784911319935574056e+03
1.776597434399356871e+03
1.768729665571788928e+03
1.761293180482649177e+03
1.754288002862218946e+03
1.747714156440777288e+03
1.741564236598354455e+03
1.735845695415481032e+03
1.730551128272186588e+03
1.725680558898751542e+03
1.721234016027038479e+03
1.717204120044988940e+03
1.713590924692378167e+03
1.710394483708980033e+03
1.707599994134069220e+03
1.705207509707420058e+03
1.703217084168807332e+03
1.701621342907754979e+03
1.700405482963538361e+03
1.699584414776431004e+03
1.699128478685208165e+03
1.699052585130143825e+03
1.699349359500762830e+03
1.700011427186589117e+03
1.701023985226897594e+03
1.702401944061962922e+03
1.704123072380808935e+03
1.706194852273460583e+03
1.708602480779192319e+03
1.711353439988028413e+03
1.714432926939243544e+03
1.717833567022362104e+03
1.721562842327408816e+03
1.725605949893657453e+03
1.729955515110633542e+03
1.734611591718110503e+03
1.739551948405113308e+03
1.744791495611916616e+03
1.750300573677295006e+03
1.756079236341022352e+03
1.762127537342873666e+03
1.768430673722122719e+03
1.774996127568795146e+03
1.781801667571914322e+03
1.788854775821505200e+03
1.796148077707092170e+03
1.803674198618199625e+03
1.811425763944352866e+03
1.819402827425325313e+03
1.827590586100391874e+03
1.835981665359076715e+03
1.844561262240654742e+03
1.853329430484900286e+03
1.862271367131087572e+03
1.871379697568741676e+03
1.880647047187386534e+03
1.890066041376546991e+03
1.899644162226247090e+03
1.909366606775761738e+03
1.919226000414615100e+03
1.929222386753766841e+03
1.939355768888916145e+03
1.949603854736197718e+03
1.959966637262496079e+03
1.970429252734195416e+03
1.980984265767930310e+03
1.991624240980334662e+03
2.002334314637794023e+03
2.013099623006691672e+03
2.023935015754412461e+03
2.034810772446840929e+03
2.045749171101611637e+03
2.056720491284608670e+03
2.067747011013466818e+03
2.078799009854069936e+03
2.089891337473802650e+03
2.101009130139049830e+03
2.112137524116195436e+03
2.123276512372124216e+03
2.134411231173220131e+03
2.145526816785868050e+03
2.156623262176952721e+03
2.167685703612857651e+03
2.178714134060467586e+03
2.189701118136417790e+03
2.200646648807591646e+03
2.211535862340373569e+03
2.222376180051899155e+03
2.233167594909051331e+03
2.243887814827965485e+03
2.254551689476025331e+03
2.265129498419116317e+03
2.275628662974372219e+03
2.286034319408176998e+03
2.296331603986916434e+03
2.306527938027723849e+03
2.316608457796984112e+03
2.326565727911331123e+03
2.336407169687900023e+03
2.346117919393074317e+03
2.355697969993740116e+03
2.365147314456779895e+03
2.374465945749079310e+03
2.383646428487272260e+03
2.392681327287993554e+03
2.401570635118127029e+03
2.410299488244057557e+03
2.418867879632669883e+03
2.427268373900597908e+03
2.435493535664475530e+03
2.443535911298995870e+03
2.451395402561331139e+03
2.459064464616461009e+03
2.466542980979616004e+03
2.473838263516276129e+03
2.480935339041170664e+03
2.487841519419780070e+03
2.494549259817084931e+03
2.501051015398064465e+03
2.507361526378449526e+03
2.513458391222719456e+03
2.519356350146604655e+03
2.525040429964835312e+03
2.530510514192641040e+03
2.535766486345252360e+03
2.540808229937899341e+03
2.545628200135561201e+03
2.550218852103218978e+03
2.554587497706352679e+03
2.558719163759691583e+03
2.562621162128715696e+03
2.566285947978406512e+03
2.569705976473742339e+03
2.572895987830454487e+03
2.575841008863272691e+03
2.578555779787926440e+03
2.581032755769395862e+03
2.583271820322911935e+03
2.585272856963703816e+03
2.587043177557251965e+03
2.588567808918285664e+03
2.589861491262536674e+03
2.590916679754983306e+03
2.591725829560606144e+03
2.592303680895136040e+03
2.592635260573301821e+03
2.592735308810833430e+03
2.592596280772712817e+03
2.592225488324418166e+03
2.591607958280680123e+03
2.590765859207478570e+03
2.589691646269794091e+03
2.588377774632606361e+03
2.586838984511645776e+03
2.585075159422141041e+03
2.583078754529074558e+03
2.580857081697924059e+03
2.578410024443920975e+03
2.575737466282294918e+03
2.572839290728275955e+03
2.569730242964365061e+03
2.566395374639147121e+03
2.562849455768977805e+03
2.559099828019962388e+03
2.555138976357707179e+03
2.550966814098067971e+03
2.546605539607649916e+03
2.542040209501808476e+03
2.537278165446650291e+03
2.532319320758030699e+03
2.527178445452304913e+03
2.521840596144828851e+03
2.516320542851959090e+03
2.510625627239799996e+03
2.504740905923707942e+03
2.498681148920038595e+03
2.492453697894897687e+03
2.486051037813890616e+03
2.479480510343123569e+03
2.472742028798451884e+03
2.465842934845981290e+03
2.458790570151817974e+03
2.451584848031816364e+03
2.444225681801833616e+03
2.436735269828474884e+03
2.429098668727095628e+03
2.421338076864301456e+03
2.413445979205699132e+03
2.405429717417392567e+03
2.397296633165489311e+03
2.389054068116093731e+03
2.380701935585062074e+03
2.372240148888249678e+03
2.363683478042012666e+03
2.355031836362206832e+03
2.346285137164687512e+03
2.337450722115560438e+03
2.328543361231181734e+03
2.319548111126906406e+03
2.310487170169340516e+03
2.301360451674340311e+03
2.292167868957760220e+03
2.282916763685707338e+03
2.273607049174036547e+03
2.264253495439103062e+03
2.254856015796764041e+03
2.245414523562873910e+03
2.235936360403538856e+03
2.226428867984864610e+03
2.216891959622706963e+03
2.207340427642056511e+03
2.197759440201447887e+03
2.188178757869550282e+03
2.178583571113532344e+03
2.168981355451314357e+03
2.159387014751064726e+03
2.149793167830202947e+03
2.140214718556899243e+03
2.130659142449072078e+03
2.121111629973891013e+03
2.111601941700025691e+03
2.102115268094644307e+03
2.092659084675667600e+03
2.083255723661514367e+03
2.073882947169103772e+03
2.064570515767105007e+03
2.055311048272938024e+03
2.046112020204521514e+03
2.036973478729525141e+03
2.027902899365868052e+03
2.018915185981720015e+03
2.010002957394499617e+03
2.001166260771876978e+03
1.992419999982020954e+03
1.983764222192600982e+03
1.975206402921536665e+03
1.966739160986246588e+03
1.958384828605150688e+03
1.950128596245418066e+03
1.941985367775218492e+03
1.933955190362220719e+03
1.926038111174093956e+03
1.918249034079008425e+03
1.910580577894382486e+03
1.903040218138136424e+03
1.895635430328188704e+03
1.888366261632208989e+03
1.881232759217866487e+03
1.874242398603080801e+03
1.867395226955521139e+03
1.860698719793106648e+03
1.854145495933257052e+03
1.847757887594391150e+03
1.841513656893429243e+03
1.835435136048789218e+03
1.829522372228141194e+03
1.823767984248905123e+03
1.818179447628998787e+03
1.812756809536092987e+03
1.807514973838356809e+03
1.802439150258596783e+03
1.797536910592924414e+03
1.792815845893088181e+03
1.788276118860585939e+03
1.783925320547167530e+03
1.779748756953830934e+03
1.775761447482575022e+03
1.771963554834898787e+03
1.768355241712299858e+03
1.764936670816278138e+03
1.761708004848331257e+03
1.758676834860208828e+03
1.755835895203158543e+03
1.753192776928929788e+03
1.750747642739021330e+03
1.748493226984681769e+03
1.746437120717659127e+03
1.744586914989702564e+03
1.742927915801810741e+03
1.741475142555982529e+03
1.740221329603466302e+03
1.739166639645760142e+03
1.738311235384363954e+03
1.737655279520775821e+03
1.737206363106744220e+03
1.736957220493518207e+03
1.736908014382596093e+03
1.737051479125226706e+03
1.737402634123408689e+03
1.737954213728390641e+03
1.738698952291422074e+03
1.739637012513999935e+03
1.740775985447874746e+03
1.742116033794543910e+03
1.743642463555006088e+03
1.745362865781010896e+03
1.747277403174056644e+03
1.749386238435641417e+03
1.751689534267264435e+03
1.754180025020174298e+03
1.756857873395869319e+03
1.759723242095848718e+03
1.762776293821611262e+03
1.766009762924404868e+03
1.769431240455978468e+03
1.773018604067081469e+03
1.776794301509961542e+03
1.780736210435367639e+03
1.784859350245298856e+03
1.789149026940753174e+03
1.793605399892172272e+03
1.798221186795514768e+03
1.803003958716182069e+03
1.807953858369325644e+03
1.813048743419347147e+03
1.818311041632147408e+03
1.823718610672128079e+03
1.829271593254441314e+03
1.834977560444486699e+03
1.840821798256917646e+03
1.846804449406884260e+03
1.852933084959788403e+03
1.859185562580031274e+03
1.865569453333014053e+03
1.872084899933888664e+03
1.878717188397306018e+03
1.885466461438417582e+03
1.892332861772374827e+03
1.899309103764079282e+03
1.906395330128682417e+03
1.913584255231085081e+03
1.920876021786438969e+03
1.928270772509895551e+03
1.935761221766356357e+03
1.943347512270971947e+03
1.951022358388644534e+03
1.958785902834526041e+03
1.966638288323766346e+03
1.974557372520767558e+03
1.982558154841181022e+03
1.990633349649908041e+03
1.998768242961600663e+03
2.006970405841659385e+03
2.015232552654985966e+03
2.023539969416231770e+03
2.031907655541048598e+03
2.040313468693836739e+03
2.048764979939998284e+03
2.057254903644434762e+03
2.065775954172047932e+03
2.074320845887737505e+03
2.082889721506657224e+03
2.091482723743956285e+03
2.100085138614287189e+03
2.108697108832800950e+03
2.117311348764399554e+03
2.125928001124234015e+03
2.134539780277205409e+03
2.143146828938465660e+03
2.151741861472915843e+03
2.160317566372279998e+03
2.168866528635575833e+03
2.177396164089143440e+03
2.185899031858821672e+03
2.194367691070452111e+03
2.202794700849873152e+03
2.211194905373675738e+03
2.219553435417450146e+03
2.227870278457285622e+03
2.236137993619022382e+03
2.244356568378750126e+03
2.252518561862309980e+03
2.260623961545790735e+03
2.268657898204782668e+03
2.276620359315375936e+03
2.284511332353661146e+03
2.292315948095227213e+03
2.300041622366414686e+03
2.307666057592563448e+03
2.315204097950263531e+03
2.322640874215105669e+03
2.329968945512928713e+03
2.337195727670073211e+03
2.344306351462128987e+03
2.351300804365186195e+03
2.358186502205584929e+03
2.364956004109164496e+03
2.371609297552015505e+03
2.378146370010228111e+03
2.384559780609642075e+03
2.390856945176597492e+03
2.397022994486684183e+03
2.403065344366242243e+03
2.408969125590861495e+03
2.414734325636632548e+03
2.420346075279144316e+03
2.425811790344737801e+03
2.431124029959252766e+03
2.436267924898279034e+03
2.441258319338406636e+03
2.446080344055225396e+03
2.450741414875075861e+03
2.455234090923797339e+03
2.459558359677480439e+03
2.463706780261964468e+03
2.467686768503590429e+03
2.471498311878447566e+03
2.475133969512376098e+03
2.478601157231715661e+03
2.481892434162307381e+03
2.485007760605860312e+03
2.487954416516815400e+03
2.490717369624483581e+03
2.493303872708926974e+03
2.495698893499456062e+03
2.497894828075631267e+03
2.499891500867263858e+03
2.501688736304166014e+03
2.503278930465897247e+03
2.504661907782269282e+03
2.505837492683093842e+03
2.506820366298680710e+03
2.507602924708591672e+03
2.508192420692887481e+03
2.508596107031629344e+03
2.508813808154628532e+03
2.508837920141445466e+03
2.508668267421891869e+03
2.508297246075528619e+03
2.507717252181916592e+03
2.506920681820616664e+03
2.505907359421440560e+03
2.504669681063948246e+03
2.503214899528201840e+03
2.501550267594262095e+03
2.499675609691939371e+03
2.497598178601295785e+03
2.495317798752141698e+03
2.492849151274787801e+03
2.490192060599046272e+03
2.487346351154727472e+03
2.484304419021392278e+03
2.481058660278602019e+03
2.477616327706417906e+03
2.473962389034150874e+03
2.470089240341361347e+03
2.466004134408111440e+03
2.461714324014461454e+03
2.457204776889722780e+03
2.452505030864706441e+03
2.447607482018972860e+03
2.442519383132584153e+03
2.437240558635350681e+03
2.431793118007833527e+03
2.426154600629093693e+03
2.420339687629442778e+03
2.414333346738191267e+03
2.408142830735400366e+03
2.401760535700631408e+03
2.395178857713444359e+03
2.388412484670544927e+03
2.381453846483460438e+03
2.374310236530611746e+03
2.366981519840169767e+03
2.359489846491055232e+03
2.351820224810940090e+03
2.343994804878745072e+03
2.336013451722640639e+03
2.327876030370798162e+03
2.319582405851389012e+03
2.311139871542834499e+03
2.302540864123054234e+03
2.293800105320720377e+03
2.284910031813753449e+03
2.275870508630325276e+03
2.266696257499105741e+03
2.257372286747766793e+03
2.247905889754729287e+03
2.238304359898413622e+03
2.228560133856741686e+03
2.218680505008133878e+03
2.208672766731011961e+03
2.198529355703296460e+03
2.188264993653657712e+03
2.177879545610268451e+03
2.167380304951548169e+03
2.156767136705668236e+03
2.146062190951550747e+03
2.135250476016865377e+03
2.124346713630283375e+03
2.113343340469726627e+03
2.102255078263865471e+03
2.091074363690621340e+03
2.079801061778164240e+03
2.068442465904916844e+03
2.056998441099048705e+03
2.045468852388731648e+03
2.033868421502636693e+03
2.022182156768434425e+03
2.010432208265046256e+03
1.998611012670393166e+03
1.986725863362896462e+03
1.974776625370726151e+03
1.962778020422554391e+03
1.950715056846051993e+03
1.938609884720139235e+03
1.926454940722737774e+03
1.914257518232268922e+03
1.902024910627153304e+03
1.889756982935561837e+03
1.877453613647605835e+03
1.865129591801655579e+03
1.852784863197523691e+03
1.840419373635019610e+03
1.828040497264205442e+03
1.815648179884891533e+03
1.803257223997389247e+03
1.790860147051259219e+03
1.778464323196563100e+03
1.766069698233111694e+03
1.753683646310965742e+03
1.741313541580187120e+03
1.728959329840585724e+03
1.716620956891973492e+03
1.704298368534160545e+03
1.692006367267458927e+03
1.679737470541428820e+03
1.667491624155881937e+03
1.655283630611128956e+03
1.643113435706981136e+03
1.630973556892998886e+03
1.618878796669494022e+03
1.606836529186527287e+03
1.594831843543409605e+03
1.582886970590702276e+03
1.570994427777965939e+03
1.559161589255262015e+03
1.547395829172651020e+03
1.535697093329944664e+03
1.524065327526953752e+03
1.512500477563489085e+03
1.501017345939861571e+03
1.489608450105632983e+03
1.478281164210863608e+03
1.467035434055364931e+03
1.455871205438947527e+03
1.444795852511673047e+03
1.433809321073352066e+03
1.422918985274045554e+03
1.412117362563314828e+03
1.401419255441471250e+03
1.390817181358074777e+03
1.380318514463187512e+03
1.369923200556620031e+03
1.359638613788433304e+03
1.349457271608188648e+03
1.339393976516196972e+03
1.329441245962019138e+03
1.319599025745466179e+03
1.309882118366849454e+03
1.300283070484013706e+03
1.290801973938190713e+03
1.281446378129145842e+03
1.272208975756143900e+03
1.263104744569201330e+03
1.254126377267583166e+03
1.245281423251054548e+03
1.236562575218881420e+03
1.227977382570828922e+03
1.219533394706662875e+03
1.211223304325648314e+03
1.203054660827551061e+03
1.195027585261886315e+03
1.187142198678169734e+03
1.179398622125916518e+03
1.171796976654642322e+03
1.164344811664112740e+03
1.157034819853592808e+03
1.149874550622848346e+03
1.142864125021395012e+03
1.135996235748497611e+03
1.129278432203922193e+03
1.122710835437183732e+03
1.116300994848048049e+03
1.110034174785530695e+03
1.103917924649396582e+03
1.097959793839411759e+03
1.092152475054841261e+03
1.086496089345200971e+03
1.080998186110256029e+03
1.075651458049272151e+03
1.070456026211764311e+03
1.065412011647248391e+03
1.060526963755489760e+03
1.055793575235753906e+03
1.051211967137556258e+03
1.046789688860662409e+03
1.042519433104337622e+03
1.038401320918097099e+03
1.034435473351456722e+03
1.030622011453932146e+03
1.026968484625288283e+03
1.023460157214541141e+03
1.020112006971705682e+03
1.016909298245797459e+03
1.013859580436582291e+03
1.010962974593575041e+03
1.008219601766291703e+03
1.005622154653997541e+03
1.003178182656458034e+03
1.000872949810046066e+03
9.987214323015630271e+02
9.967088926041691366e+02
9.948428782417726097e+02
9.931086516875332109e+02
9.915211888156100031e+02
9.900657520991622960e+02
9.887498890620992142e+02
9.875737188780800579e+02
9.865225040202637956e+02
9.856112203628103998e+02
9.848251303788781570e+02
9.841643532421268219e+02
9.836438648267154576e+02
9.832414992555535491e+02
9.829722324027997047e+02
9.828361834421139065e+02
9.828186148466548957e+02
9.829270741403321381e+02
9.831616804968043652e+02
9.835151247394816210e+02
9.839875260420224095e+02
9.845641468775862677e+02
9.852599631203325998e+02
9.860528088931703223e+02
9.869576600702586120e+02
9.879597791247567784e+02
9.890592852303243490e+02
9.902711542611200457e+02
9.915732203400535809e+02
9.929804593412836766e+02
9.944781337379699835e+02
9.960812194042714509e+02
9.977749788133476159e+02
9.995669594891073757e+02
1.001442423904709926e+03
1.003394062883564970e+03
1.005436852299831003e+03
1.007556054626668015e+03
1.009744360687484686e+03
1.012009318006190369e+03
1.014343617406194539e+03
1.016739949710906103e+03
1.019213290794484237e+03
1.021748903130088479e+03
1.024346905891377901e+03
1.027007418252011803e+03
1.029730559385649258e+03
1.032509020115699514e+03
1.035342919615821984e+03
1.038224933792559113e+03
1.041155107235238347e+03
1.044133469616320326e+03
1.047160050608266147e+03
1.050220023183036346e+03
1.053320845363341050e+03
1.056455118471392097e+03
1.059622872179649448e+03
1.062816707810324033e+03
1.066044083386126886e+03
1.069297600229268255e+03
1.072577288012209465e+03
1.075875748057160763e+03
1.079193010036583473e+03
1.082521675272687617e+03
1.085869201788184682e+03
1.089220762555034753e+03
1.092591243946199029e+03
1.095958390583388109e+03
1.099337088839562739e+03
1.102712511686683683e+03
1.106092117147461749e+03
1.109461078193857702e+03
1.112826852848581893e+03
1.116182042433845936e+03
1.119534104972359728e+03
1.122868213436084488e+03
1.126191825847730570e+03
1.129490115179259419e+03
1.132777967803631100e+03
1.136040556692806604e+03
1.139277911519246800e+03
1.142490061955412102e+03
1.145677037673763834e+03
1.148831439996512245e+03
1.151953298596118202e+03
1.155042643145042575e+03
1.158092074965495840e+03
1.161101623729939092e+03
1.164071319110833201e+03
1.167001190780638126e+03
1.169883840061565706e+03
1.172719296626075675e+03
1.175507590146629582e+03
1.178248750295687842e+03
1.180935378395460930e+03
1.183574932468659881e+03
1.186160013837495853e+03
1.188683223824178867e+03
1.191159448801670123e+03
1.193566415379932550e+03
1.195918919873189225e+03
1.198202027182915799e+03
1.200430515611587452e+03
1.202589450060679383e+03
1.204678752132167347e+03
1.206705771778276812e+03
1.208655573900482750e+03
1.210542936801261249e+03
1.212352925382086823e+03
1.214092889595185625e+03
1.215755322692283016e+03
1.217347574625604238e+03
1.218862138646874655e+03
1.220298936358069568e+03
1.221657889361164735e+03
1.222938919258135229e+03
1.224141947650956581e+03
1.225259467791354382e+03
1.226291401281303706e+03
1.227245098073030476e+03
1.228113051418259374e+03
1.228895182918966611e+03
1.229598842527377201e+03
1.230209095144966341e+03
1.230725862373709788e+03
1.231163922516082721e+03
1.231515768823810959e+03
1.231773894548619637e+03
1.231953077992984163e+03
1.232038384058379734e+03
1.232037162697031818e+03
1.231949335510916399e+03
1.231767395751758386e+03
1.231498693371783247e+03
1.231143149972966512e+03
1.230693258807033544e+03
1.230156369826209584e+03
1.229532404632470389e+03
1.228806428127291383e+03
1.228000646963397458e+03
1.227100126042264264e+03
1.226112215316117272e+03
1.225029408036682071e+03
1.223859054156184129e+03
1.222601075276598522e+03
1.221255392999900550e+03
1.219814500577816261e+03
1.218285747962570667e+03
1.216669056756138843e+03
1.214964345688361618e+03
1.213171522000537607e+03
1.211297918412080890e+03
1.209328582591654822e+03
1.207278275608923877e+03
1.205139473482801577e+03
1.202919508932701547e+03
1.200618286327787473e+03
1.198235710037223726e+03
1.195771684430173764e+03
1.193226113875801730e+03
1.190606331093520794e+03
1.187904812102245387e+03
1.185128889621389135e+03
1.182278468020115724e+03
1.179346023317338677e+03
1.176338888232472300e+03
1.173256967134680508e+03
1.170107592743376927e+03
1.166883241077475077e+03
1.163591244856389039e+03
1.160231508449282501e+03
1.156803936225319831e+03
1.153308432553663806e+03
1.149744901803479252e+03
1.146120676694179338e+03
1.142435661594928206e+03
1.138682332524639151e+03
1.134875450552976872e+03
1.131007491698854210e+03
1.127078360331435761e+03
1.123095389170134922e+03
1.119058482584115836e+03
1.114967544942541736e+03
1.110822480614576989e+03
1.106623193969385284e+03
1.102377017726380245e+03
1.098083856254725561e+03
1.093743613923585599e+03
1.089348766751873654e+03
1.084921504159503684e+03
1.080446873815139952e+03
1.075932208438195630e+03
1.071384840748084571e+03
1.066797246763720977e+03
1.062169330854268537e+03
1.057508425739140648e+03
1.052821864137751618e+03
1.048102122069015195e+03
1.043349103902095067e+03
1.038570155456990506e+03
1.033765246605791162e+03
1.028934360321172562e+03
1.024084907926060168e+03
1.019209444042878886e+03
1.014315379994554405e+03
1.009402698753761683e+03
1.004478811643426297e+03
9.995437016362233180e+02
9.945899233545783318e+02
9.896248881214164612e+02
9.846560072596630562e+02
9.796758353917431350e+02
9.746917838405822749e+02
9.697112639291058258e+02
9.647194019294888676e+02
9.597310375149069159e+02
9.547461536580351549e+02
9.497647333315488822e+02
9.447793311578734574e+02
9.398122151604341070e+02
9.348410832611562000e+02
9.298882034834647357e+02
9.249387020995357034e+02
9.200074187825435956e+02
9.150869081549143402e+02
9.101845815395728323e+02
9.053004219091944833e+02
9.004418405867044157e+02
8.956013921945284437e+02
8.907790597053414103e+02
8.859822544420687791e+02
8.812183877276360136e+02
8.764725858342180800e+02
8.717596884349902666e+02
8.670722501523782739e+02
8.624176823093069970e+02
8.577959678784518474e+02
8.532070898324881227e+02
8.486510311440912346e+02
8.441352031361864192e+02
8.396595887814488606e+02
8.352167427023040318e+02
8.308140762216771691e+02
8.264515723122436839e+02
8.221366422969284713e+02
8.178618407981573455e+02
8.136345791388552016e+02
8.094474119414476263e+02
8.053151788791095669e+02
8.012230206044305305e+02
7.971784203424048201e+02
7.931888756984404836e+02
7.892470275774461470e+02
7.853603735848296310e+02
7.815289829757496136e+02
7.777529250053638634e+02
7.740322689288310585e+02
7.703596556510592563e+02
7.667574394779567228e+02
7.632034046139316388e+02
7.597124770146424453e+02
7.562847259352471383e+02
7.529127922806542301e+02
7.496041736562717688e+02
7.463515109670081529e+02
7.431697301685214825e+02
7.400514721657199289e+02
7.369968062137621700e+02
7.340058015678059746e+02
7.310785274830099070e+02
7.282224815647820151e+02
7.254303047180306976e+02
7.227013233628890703e+02
7.200430351047654085e+02
7.174532806937430678e+02
7.149321293849801577e+02
7.124796504336351290e+02
7.100959130948660913e+02
7.077817294588561481e+02
7.055371687807637500e+02
7.033623003157472340e+02
7.012571933189645961e+02
6.992219170455742869e+02
6.972572835857592963e+02
6.953626193596531948e+02
6.935387364574390858e+02
6.917849612992500852e+02
6.901013631402446435e+02
6.884894969056309719e+02
6.869479461805173059e+02
6.854767802200617552e+02
6.840760682794227705e+02
6.827466224487835689e+02
6.814862834782272785e+02
6.802966062929622240e+02
6.791761744780965273e+02
6.781258001238136330e+02
6.771440668152217768e+02
6.762310438074791819e+02
6.753868031594354306e+02
6.746106853096810028e+02
6.739020335004979643e+02
6.732601909741682675e+02
6.726867294780486191e+02
6.721787637493462171e+02
6.717371227003928880e+02
6.713611495734704704e+02
6.710501876108609167e+02
6.708028372198212992e+02
6.706199273126835578e+02
6.705000582967043101e+02
6.704425734141659632e+02
6.704468159073501283e+02
6.705121290185386442e+02
6.706378559900136906e+02
6.708233400640571062e+02
6.710679244829507297e+02
6.713709524889767408e+02
6.717310244893917570e+02
6.721482265615030656e+02
6.726219019475922778e+02
6.731499082198915858e+02
6.737323314557075946e+02
6.743677720622974903e+02
6.750555732819429977e+02
6.757950783569264104e+02
6.765848876945043457e+02
6.774236017019338760e+02
6.783113064565218338e+02
6.792466023655251774e+02
6.802273470011757581e+02
6.812543692758057432e+02
6.823255267616469837e+02
6.834394198659563244e+02
6.845961346660407116e+02
6.857935287341319963e+02
6.870316881475373521e+02
6.883084704784885162e+02
6.896224761342423335e+02
6.909737911921060913e+02
6.923602732243112996e+02
6.937812654731402517e+02
6.952346255108245714e+02
6.967204394146714321e+02
6.982365647569126850e+02
6.997823447798301686e+02
7.013556370556558477e+02
7.029565276616968958e+02
7.045828741701848230e+02
7.062340092460835876e+02
7.079084804100582460e+02
7.096070531105305008e+02
7.113208359405973624e+02
7.130602512040057945e+02
7.148178931639022267e+02
7.165937844336840499e+02
7.183879476267477457e+02
7.201929770062401985e+02
7.220088951855583446e+02
7.238357247780991202e+02
7.256809167475092863e+02
7.275296370066855616e+02
7.293893365192749343e+02
7.312600378986741134e+02
7.331269070577801585e+02
7.350048233104898827e+02
7.368863809199499428e+02
7.387641741493073368e+02
7.406530823124589915e+02
7.425308429720515733e+02
7.444123354419820089e+02
7.462901539853971826e+02
7.481643212156939171e+02
7.500274313960189829e+02
7.518869354900193684e+02
7.537428561110917826e+02
7.555877875223832234e+02
7.574217523372903997e+02
7.592373448189601959e+02
7.610494442812895386e+02
7.628432166371753738e+02
7.646186845000141830e+02
7.663758704832032436e+02
7.681222255503889755e+02
7.698503439647184905e+02
7.715528199893386727e+02
7.732371045878963969e+02
7.748957920235382062e+02
7.765363332599112027e+02
7.781513225601622707e+02
7.797407825376881192e+02
7.813121641561356228e+02
7.828506333284016137e+02
7.843562126678830282e+02
7.858363531382267411e+02
7.872910773528294612e+02
7.887055512245881346e+02
7.900946540673995742e+02
7.914435517941607259e+02
7.927671113254133388e+02
7.940504366072794937e+02
7.953009042432764772e+02
7.965184624866715239e+02
7.976956312404815890e+02
7.988323587579739069e+02
7.999285932924157123e+02
8.009917114473242918e+02
8.020068047754664349e+02
8.029886782306095938e+02
8.039224233655206717e+02
8.048154167837171826e+02
8.056601783882160817e+02
8.064640847825344281e+02
8.072196558696895181e+02
8.079342682531986384e+02
8.086004418360787440e+02
8.092255532218468943e+02
8.098021223135207265e+02
8.103300973643669067e+02
8.108094266276527833e+02
8.112400583566454770e+02
8.116293691548623883e+02
8.119624505750704202e+02
8.122466792207866320e+02
8.124820033452784855e+02
8.126609428515629361e+02
8.127908743431571565e+02
8.128717460733284952e+02
8.129035062953439592e+02
8.128786749122206174e+02
8.128046285274758702e+02
8.126738870441267863e+02
8.124938270656904251e+02
8.122569684951838553e+02
8.119706879361245910e+02
8.116275052915295873e+02
8.112273688146660788e+02
8.107776551090510111e+02
8.102783124279517324e+02
8.097218606743855389e+02
8.091082481016192105e+02
8.084374229629202091e+02
8.077167618618057077e+02
8.069387847012926613e+02
8.061034397346483047e+02
8.052181035653899244e+02
8.042752960965344755e+02
8.032749655813494201e+02
8.022244886233517036e+02
8.011238101237405544e+02
7.999654332251934648e+02
7.987492860685701999e+02
7.974827251449802361e+02
7.961656785952833388e+02
7.947980745603390460e+02
7.933798411810068956e+02
7.919034782478967145e+02
7.903763422521178654e+02
7.887983613345300000e+02
7.871694636359929973e+02
7.854895772973660542e+02
7.837586304595090496e+02
7.819765512632815216e+02
7.801432678495432356e+02
7.782661367094035541e+02
7.763376576334723040e+02
7.743651871128589619e+02
7.723412249381731272e+02
7.702656992502746789e+02
7.681533948905229181e+02
7.659893832992775060e+02
7.637735926173980943e+02
7.615208076862444386e+02
7.592160999461758593e+02
7.568742542385523393e+02
7.544877703539830236e+02
7.520565764333280185e+02
7.495880289676966868e+02
7.470746277476986279e+02
7.445237292644434319e+02
7.419278333085408121e+02
7.392942963711004722e+02
7.366304749432316612e+02
7.339214404652943813e+02
7.311819777786480472e+02
7.283971583236524339e+02
7.255817669416668423e+02
7.227357317735511515e+02
7.198478384347899919e+02
7.169291575916178090e+02
7.139781317148442668e+02
7.109954317803541244e+02
7.079809859290066925e+02
7.049362079717118377e+02
7.018617688843542055e+02
6.987590824778433216e+02
6.956280768930386103e+02
6.924701659408499381e+02
6.892860205971618370e+02
6.860763189241882856e+02
6.828432529995110372e+02
6.795860506469413167e+02
6.763061681953647621e+02
6.730050619736679209e+02
6.696827026406865571e+02
6.663398036902818831e+02
6.629778214513401053e+02
6.595974694177219817e+02
6.561994610832889521e+02
6.527845099419016606e+02
6.493555579924967560e+02
6.459118330588847812e+02
6.424555343049772773e+02
6.389881180596601098e+02
6.355095549817692699e+02
6.320213014001908505e+02
6.285248136438111715e+02
6.250200623714661106e+02
6.215085039120417605e+02
6.179908517593993338e+02
6.144678194073997020e+02
6.109401203499043049e+02
6.074092109157986670e+02
6.038758045989444554e+02
6.003413577282271945e+02
5.968058409624835576e+02
5.932707106305991829e+02
5.897374230614603903e+02
5.862059489139030575e+02
5.826777445168133909e+02
5.791527805290274955e+02
5.756332561144564579e+02
5.721191419319362694e+02
5.686111514753281426e+02
5.651107410735179428e+02
5.616171385503170086e+02
5.581332859046613066e+02
5.546591537953869420e+02
5.511954557163548998e+02
5.477429051614263926e+02
5.443037012945123934e+02
5.408770719394241269e+02
5.374652162600724523e+02
5.340673620802687083e+02
5.306857085639238676e+02
5.273209692048989155e+02
5.239723718270050767e+02
5.206421155941532106e+02
5.173301711651797632e+02
5.140372619339782432e+02
5.107641508945724240e+02
5.075123537760442218e+02
5.042811578024001733e+02
5.010720787027216829e+02
4.978858893710656730e+02
4.947233627014884974e+02
4.915852715880467372e+02
4.884723889247972011e+02
4.853847447707713059e+02
4.823231120200256328e+02
4.792890064016420411e+02
4.762817151396268400e+02
4.733034967980868259e+02
4.703536386010283650e+02
4.674336562775334301e+02
4.645428370516082168e+02
4.616826966523346414e+02
4.588540079737690576e+02
4.560560582399182294e+02
4.532911060148887827e+02
4.505576956876620898e+02
4.478573429873200098e+02
4.451908208079190103e+02
4.425581592084907925e+02
4.399593882480667730e+02
4.373960236557286407e+02
4.348680954905080966e+02
4.323763766464616651e+02
4.299201543475959397e+02
4.275009443229924386e+02
4.251187766316829766e+02
4.227736813326989136e+02
4.204656884850719507e+02
4.181948281478337321e+02
4.159626160500658330e+02
4.137683394157748467e+02
4.116120283039924175e+02
4.094944556087750129e+02
4.074156513891543341e+02
4.053756457041619683e+02
4.033752114478545536e+02
4.014136358442386268e+02
3.994916917873707689e+02
3.976094093362826811e+02
3.957660757149809001e+02
3.939632066525469440e+02
3.922000893729875770e+02
3.904760111003093357e+02
3.887932303986187321e+02
3.871495522249932151e+02
3.855457664890926139e+02
3.839819236686727777e+02
3.824580742414892711e+02
3.809742686852978295e+02
3.795298146428292512e+02
3.781255054268640379e+02
3.767606486801331016e+02
3.754352948803918935e+02
3.741494945053963193e+02
3.729032980329020006e+02
3.716967559406645023e+02
3.705291758714146795e+02
3.694006083029082106e+02
3.683111037129006604e+02
3.672607125791478779e+02
3.662487425443804909e+02
3.652752440863541779e+02
3.643395248477996802e+02
3.634416353064725627e+02
3.625816259401286175e+02
3.617588043914985860e+02
3.609732211383380331e+02
3.602241838233778140e+02
3.595117429243734364e+02
3.588359489190807494e+02
3.581953666152053302e+02
3.575907893255279077e+02
3.570215246927792236e+02
3.564868803596899625e+02
3.559869068040157458e+02
3.555209116684873152e+02
3.550882025958354120e+02
3.546895728988405949e+02
3.543235873852086115e+02
3.539895536976702601e+02
3.536882651490061562e+02
3.534182865469219337e+02
3.531796683691733278e+02
3.529717182584910802e+02
3.527937438576058753e+02
3.526457956442732780e+02
3.525271812612242002e+02
3.524379511862140930e+02
3.523766702269488178e+02
3.523433888611840530e+02
3.523374147316504263e+02
3.523580554810786225e+02
3.524053615872244336e+02
3.524778978577934367e+02
3.525757103847834628e+02
3.526988277171602135e+02
3.528450455130564478e+02
3.530158736057301212e+02
3.532091076533139358e+02
3.534240289839907518e+02
3.536614045959933037e+02
3.539197729824794578e+02
3.541991583066570684e+02
3.544980990616838881e+02
3.548166194107676006e+02
3.551532578470662429e+02
3.555087813688125493e+02
3.558817284691642726e+02
3.562713804763042162e+02
3.566770187184152405e+02
3.570986673587050859e+02
3.575356077253566696e+02
3.579863783115276874e+02
3.584510032804259936e+02
3.589287639602343916e+02
3.594189416791357417e+02
3.599208177653127336e+02
3.604344163819733353e+02
3.609582760222751858e+02
3.614924208494261393e+02
3.620361321916091129e+02
3.625894342120318470e+02
3.631501225688271006e+02
3.637182214252027279e+02
3.642944977793915200e+02
3.648760044545013557e+02
3.654635084487649692e+02
3.660562910903651641e+02
3.666536337074847438e+02
3.672548176283065686e+02
3.678591241810133852e+02
3.684665775288131044e+02
3.690764589998883594e+02
3.696873070873971301e+02
3.702991459545471571e+02
3.709119997645462377e+02
3.715236641755271876e+02
3.721356490207477918e+02
3.727450071233159292e+02
3.733532483164893279e+02
3.739589110934257974e+02
3.745605339472832611e+02
3.751588838762943965e+02
3.757532422086420638e+02
3.763428831621155268e+02
3.769270525129304588e+02
3.775057317619337596e+02
3.780781595749475059e+02
3.786443174528185978e+02
3.792027012263441748e+02
3.797532923963713074e+02
3.802953296287219018e+02
3.808295372592680792e+02
3.813536682837817580e+02
3.818684470381351161e+02
3.823723693531250092e+02
3.828654167295986213e+02
3.833475706684029092e+02
3.838180698353598359e+02
3.842768957313165288e+02
3.847225441870699569e+02
3.851549967034671909e+02
3.855749776163801243e+02
3.859802399215810169e+02
3.863722507899666994e+02
3.867495060523342545e+02
3.871112443745057590e+02
3.874589329273781573e+02
3.877903247067235952e+02
3.881054012133889728e+02
3.884048867832462975e+02
3.886872772470927089e+02
3.889525541057752207e+02
3.892006988601407897e+02
3.894309501760114358e+02
3.896432895542342862e+02
3.898369556606312472e+02
3.900119299960493890e+02
3.901674512263107886e+02
3.903049865223125039e+02
3.904230317148513336e+02
3.905215683047746325e+02
3.906005777929291298e+02
3.906600416801620099e+02
3.906999414673202864e+02
3.907195158202259222e+02
3.907187462397260447e+02
3.906968713916425600e+02
3.906553584468726399e+02
3.905919604011881461e+02
3.905074015904611997e+02
3.904024063505638082e+02
3.902747276772680607e+02
3.901265755764958385e+02
3.899564430571115849e+02
3.897650403453238255e+02
3.895523320103833385e+02
3.893175397865160221e+02
3.890606282429726548e+02
3.887823047840290656e+02
3.884817911439110958e+02
3.881590518918696944e+02
3.878140515971555260e+02
3.874474976640445334e+02
3.870586118267624443e+02
3.866473586545602643e+02
3.862144455517135953e+02
3.857590942524485058e+02
3.852827549960657620e+02
3.847846495167910348e+02
3.842647423838753298e+02
3.837237410015944761e+02
3.831616099391991952e+02
3.825783137659404360e+02
3.819738170510689770e+02
3.813480843638356532e+02
3.807018231085162938e+02
3.800342550193367401e+02
3.793468303355978719e+02
3.786380279565004798e+02
3.779092981213453868e+02
3.771606053993834280e+02
3.763911715248404448e+02
3.756024467370172601e+02
3.747936527701397722e+02
3.739654970284837532e+02
3.731179440812999815e+02
3.722517013328643998e+02
3.713659905174028495e+02
3.704622618742160398e+02
3.695404799725548628e+02
3.685998665466452735e+02
3.676418718357879811e+02
3.666664604092337640e+02
3.656728540012085205e+02
3.646625028510131870e+02
3.636353715278984282e+02
3.625906817660901993e+02
3.615298838048892662e+02
3.604521993785215273e+02
3.593590787262876916e+02
3.582497435824136574e+02
3.571256441862004181e+02
3.559860022718735308e+02
3.548322710964661724e+02
3.536644303178896394e+02
3.524824626117874686e+02
3.512870934888281909e+02
3.500790484596803367e+02
3.488583101999874998e+02
3.476248613853931033e+02
3.463794275265657916e+02
3.451219912991489309e+02
3.438532782138111656e+02
3.425732709461960894e+02
3.412826950069720624e+02
3.399815330717827351e+02
3.386705106512966381e+02
3.373503532561821885e+02
3.360210435620830367e+02
3.346833070796675997e+02
3.333371264845795281e+02
3.319832272874872956e+02
3.306215921640344391e+02
3.292529466248893755e+02
3.278780161807208060e+02
3.264960406721471600e+02
3.251077456098370249e+02
3.237145993394838683e+02
3.223158417017062902e+02
3.209121982071727075e+02
3.195043943665517077e+02
3.180931556905118782e+02
3.166777220196717053e+02
3.152603045347496504e+02
3.138401430763643702e+02
3.124179631551842817e+02
3.109937474468529786e+02
3.095682214620389345e+02
3.081421107114107372e+02
3.067146550355868726e+02
3.052873227802608653e+02
3.038593537860513152e+02
3.024322163986516898e+02
3.010058932937054692e+02
2.995803671468563039e+02
2.981571063037976614e+02
2.967353506051480281e+02
2.953158255615759913e+02
2.938992566837499680e+02
2.924863694823387164e+02
2.910756609629355580e+02
2.896693423062591251e+02
2.882666533529279036e+02
2.868683248190565109e+02
2.854751082425439677e+02
2.840862746966853933e+02
2.827033237598509459e+02
2.813262693403607386e+02
2.799558681815598220e+02
2.785913913567433724e+02
2.772343384442814909e+02
2.758839805174692401e+02
2.745425599897018287e+02
2.732078622642243886e+02
2.718821297544319009e+02
2.705653763686445359e+02
2.692576160151825206e+02
2.679588626023658549e+02
2.666691300385146519e+02
2.653899179019990697e+02
2.641212401011392217e+02
2.628623677092302273e+02
2.616148003046421877e+02
2.603785517956952162e+02
2.591528932556844893e+02
2.579393242629800511e+02
2.567371158908770212e+02
2.555477677177455007e+02
2.543705508168807228e+02
2.532062219316276810e+02
2.520547949703065171e+02
2.509162838412374299e+02
2.497907024527403905e+02
2.486795503831856422e+02
2.475820987058683045e+02
2.464983613291083486e+02
2.454283521612260017e+02
2.443728279455664563e+02
2.433325454254746774e+02
2.423060328392207907e+02
2.412947897651750395e+02
2.402980872766324296e+02
2.393166821169381251e+02
2.383505881944122393e+02
2.374005622523998511e+02
2.364658753641961653e+02
2.355465414381212099e+02
2.346433172175200923e+02
2.337562166107129826e+02
2.328852535260200227e+02
2.320304418717612691e+02
2.311917955562568636e+02
2.303700713228519135e+02
2.295637996585115843e+02
2.287744913850813475e+02
2.280014310680267897e+02
2.272453889428633431e+02
2.265056495750565944e+02
2.257829832001220325e+02
2.250766743835251873e+02
2.243867505257566393e+02
2.237147246973568144e+02
2.230591386287662488e+02
2.224200197204756080e+02
2.217981382080002390e+02
2.211927786568057570e+02
2.206039684673826571e+02
2.200324778752465420e+02
2.194775914458628563e+02
2.189393365797220667e+02
2.184177406773148675e+02
2.179135739741566340e+02
2.174253782006879874e+02
2.169539235924243599e+02
2.164992375498563604e+02
2.160606046384494334e+02
2.156395379287441756e+02
2.152338363161561006e+02
2.148442700362007258e+02
2.144716093243935688e+02
2.141143959111751371e+02
2.137734000320609766e+02
2.134486490875416109e+02
2.131394276430825414e+02
2.128450202641493547e+02
2.125669400212825337e+02
2.123037286449225292e+02
2.120561563705850290e+02
2.118235077637353925e+02
2.116058102248642854e+02
2.114030911544621745e+02
2.112146351179945043e+02
2.110404695159519122e+02
2.108806217488249501e+02
2.107351192171039997e+02
2.106039893212796699e+02
2.104857737917924965e+02
2.103812428641579686e+02
2.102904239388666383e+02
2.102126015813839786e+02
2.101478031922005982e+02
2.100953133367819987e+02
2.100551594156186184e+02
2.100281097241920065e+02
2.100126962927720626e+02
2.100089348816446773e+02
2.100168412510957410e+02
2.100364311614110875e+02
2.100669775378516420e+02
2.101084961407032949e+02
2.101610027302518233e+02
2.102237702317582375e+02
2.102968144055082860e+02
2.103801510117879445e+02
2.104723101408330592e+02
2.105747932229794799e+02
2.106861303484631378e+02
2.108055944425448160e+02
2.109346869355604497e+02
2.110719379177459416e+02
2.112166203143621601e+02
2.113702355557448982e+02
2.115305708971051502e+02
2.116983849337536583e+02
2.118736934259764269e+02
2.120550264640092450e+02
2.122431426431630541e+02
2.124380577237237446e+02
2.126383017959271058e+02
2.128438906200590282e+02
2.130548399564054307e+02
2.132704227302272102e+02
2.134913975368351657e+02
2.137162944664652287e+02
2.139458721144282549e+02
2.141794034059851413e+02
2.144161612663967560e+02
2.146569042909739551e+02
2.149001625699526414e+02
2.151466946986436710e+02
2.153957736023079121e+02
2.156466722062062331e+02
2.159001491056496036e+02
2.161554772258987498e+02
2.164119294922146821e+02
2.166687788298581836e+02
2.169275266691652178e+02
2.171859602653465515e+02
2.174455810487381768e+02
2.177049191095758545e+02
2.179632473731205948e+02
2.182220672697081341e+02
2.184791660545494665e+02
2.187360411374705791e+02
2.189912025061583165e+02
2.192446417978396198e+02
2.194963506497416574e+02
2.197463206990912283e+02
2.199938007480905071e+02
2.202380395989414978e+02
2.204797717238961070e+02
2.207182459251563671e+02
2.209534538399492760e+02
2.211846442704769515e+02
2.214118088539661926e+02
2.216341963926191738e+02
2.218525413586878869e+02
2.220660925543743076e+02
2.222740987818804115e+02
2.224780373484832694e+02
2.226756713863348125e+02
2.228684782027120832e+02
2.230549637647921202e+02
2.232358625448269152e+02
2.234111661800434661e+02
2.235793806376187263e+02
2.237412403898047728e+02
2.238967370738286604e+02
2.240443766568672288e+02
2.241848936111725834e+02
2.243182795739717506e+02
2.244437833474667627e+02
2.245613965688845610e+02
2.246718537104771372e+02
2.247736607394215014e+02
2.248668092929447369e+02
2.249520338432988069e+02
2.250285831926856304e+02
2.250964489783323756e+02
2.251548800024409616e+02
2.252046107372634083e+02
2.252448899850017199e+02
2.252757093828828658e+02
2.252963177331089071e+02
2.253074495079318638e+02
2.253090963445786770e+02
2.253005070452513223e+02
2.252824160822019905e+02
2.252540722576324868e+02
2.252147243737448719e+02
2.251658497378162735e+02
2.251066971520485254e+02
2.250372582536687389e+02
2.249567798126722380e+02
2.248659861402779256e+02
2.247641138454480085e+02
2.246511423721697156e+02
2.245270511644303895e+02
2.243925625012421392e+02
2.242461701565421777e+02
2.240893392443678351e+02
2.239205635386563245e+02
2.237413081534449191e+02
2.235500668626707750e+02
2.233483047803710804e+02
2.231345156804832186e+02
2.229094218420192703e+02
2.226737455439916005e+02
2.224259805603374502e+02
2.221668491700689003e+02
2.218970736521983440e+02
2.216151477806629089e+02
2.213225366694999252e+02
2.210184769276715713e+02
2.207022051641400253e+02
2.203751864929426176e+02
2.200366575230415833e+02
2.196873405334491451e+02
2.193257292981024307e+02
2.189532889310388555e+02
2.185692560412204841e+02
2.181743529076596815e+02
2.177685589743435912e+02
2.173518536852594991e+02
2.169242164843946625e+02
2.164856268157362535e+02
2.160360641232715579e+02
2.155769935210377355e+02
2.151061659479471189e+02
2.146250465180368678e+02
2.141343575103192620e+02
2.136325926987315142e+02
2.131204743622858757e+02
2.125979819449695754e+02
2.120650948907698137e+02
2.115225354786988703e+02
2.109702831527439741e+02
2.104075745218673887e+02
2.098358747001062454e+02
2.092544202964228930e+02
2.086631907548045035e+02
2.080629083542633282e+02
2.074528097037616021e+02
2.068336182238119250e+02
2.062053190659034101e+02
2.055678985230255194e+02
2.049213428881677430e+02
2.042663812893445083e+02
2.036022571845203970e+02
2.029304425367347449e+02
2.022494379689271682e+02
2.015614582791620251e+02
2.008650040903788181e+02
2.001615473656170821e+02
1.994503315628411997e+02
1.987320858100657119e+02
1.980060535652550868e+02
1.972737067914487454e+02
1.965342889466112126e+02
1.957885291587569441e+02
1.950356708858504362e+02
1.942771860909311386e+02
1.935115753969385537e+02
1.927410536019371250e+02
1.919641213288662698e+02
1.911815077057405858e+02
1.903946846955995227e+02
1.896014100863574754e+02
1.888038986760789726e+02
1.880013939227284823e+02
1.871946249543204885e+02
1.863835780638444533e+02
1.855674967092648444e+02
1.847478528536211115e+02
1.839238899548778079e+02
1.830963371410493323e+02
1.822651807051252035e+02
1.814311497751199056e+02
1.805942306440228151e+02
1.797536667697985138e+02
1.789109301154864227e+02
1.780660069740760889e+02
1.772188836385568607e+02
1.763695464019183419e+02
1.755187243921748745e+02
1.746656610672910404e+02
1.738118283903062888e+02
1.729564698191850596e+02
1.720995716469168713e+02
1.712418630015161511e+02
1.703833301759724463e+02
1.695247022983001273e+02
1.686652228264637756e+02
1.678056236697968870e+02
1.669459050278847201e+02
1.660868127166564534e+02
1.652276068819913917e+02
1.643697761748437642e+02
1.635118379060678819e+02
1.626552807266180309e+02
1.618001076173984529e+02
1.609455787242883957e+02
1.600931826982421455e+02
1.592421796851390070e+02
1.583933155009081872e+02
1.575465931264539847e+02
1.567020155426806411e+02
1.558595857304925119e+02
1.550200495058187755e+02
1.541834098495637591e+02
1.533496697426316757e+02
1.525188321659268240e+02
1.516916429353784963e+02
1.508673621968659120e+02
1.500474786013433857e+02
1.492312522946901652e+02
1.484194290928355144e+02
1.476120119766837036e+02
1.468090039271390310e+02
1.460104079251057101e+02
1.452162269514880677e+02
1.444272068222153109e+02
1.436433505181917667e+02
1.428639181852966829e+02
1.420903984744843171e+02
1.413220515316339458e+02
1.405596231726748329e+02
1.398023735434863113e+02
1.390510484599975314e+02
1.383063937381378423e+02
1.375669266887614981e+02
1.368341359628227849e+02
1.361080245412259160e+02
1.353878525698502244e+02
1.346743658646249457e+02
1.339675674064543500e+02
1.332667173412176567e+02
1.325733043198692656e+02
1.318873313233133331e+02
1.312080584974291639e+02
1.305354888231210282e+02
1.298703681163181898e+02
1.292126993579249188e+02
1.285624872632677409e+02
1.279197434853621473e+02
1.272844814116459133e+02
1.266574572645817796e+02
1.260379415965825132e+02
1.254259477950858610e+02
1.248222320825545637e+02
1.242260650114014027e+02
1.236382028040891186e+02
1.230586588480554724e+02
1.224867036957132314e+02
1.219230935695251645e+02
1.213678418569289761e+02
1.208209619453624128e+02
1.202817243872382988e+02
1.197516282400443544e+02
1.192299440561933466e+02
1.187166852231230081e+02
1.182111222932461061e+02
1.177147543240503893e+02
1.172268518679486249e+02
1.167474283123785881e+02
1.162772398798029769e+02
1.158148142876096358e+02
1.153616505932861998e+02
1.149162765142205274e+02
1.144801911079003247e+02
1.140526649267383874e+02
1.136329685231473974e+02
1.132226009546151886e+02
1.128208327735544856e+02
1.124276773674030352e+02
1.120424052885735762e+02
1.116665155945539283e+02
1.112985360027317796e+02
1.109399655705949215e+02
1.105893320155311130e+02
1.102473915600030807e+02
1.099134147564235917e+02
1.095889006622804374e+02
1.092716341599362977e+02
1.089631143068790067e+02
1.086633544905462827e+02
1.083716252633508930e+02
1.080879400127305558e+02
1.078123121261230892e+02
1.075447549909662115e+02
1.072852819946976410e+02
1.070339065247552099e+02
1.067906419685766508e+02
1.065555011921664601e+02
1.063277521407713664e+02
1.061074050732298275e+02
1.058952130834052667e+02
1.056897007600861826e+02
1.054923640321610492e+02
1.053024703234433019e+02
1.051200298927714414e+02
1.049443101639588889e+02
1.047760642308691388e+02
1.046153023523406347e+02
1.044612919521868548e+02
1.043133004542212632e+02
1.041728237873323053e+02
1.040391293753334736e+02
1.039122274770632117e+02
1.037913855163349979e+02
1.036766137519872899e+02
1.035686652778835395e+02
1.034668075178372249e+02
1.033710507306868038e+02
1.032814051752707485e+02
1.031978811104275167e+02
1.031197459599705724e+02
1.030470099827383876e+02
1.029804262725944142e+02
1.029185194183271363e+02
1.028620425137999774e+02
1.028110058178514379e+02
1.027654195893199898e+02
1.027245512520190687e+02
1.026884110647871324e+02
1.026562664514376877e+02
1.026296133408591515e+02
1.026069763218400226e+02
1.025891084882437383e+02
1.025752772638837911e+02
1.025654929075986246e+02
1.025597656782267109e+02
1.025581058346064935e+02
1.025597808005514651e+02
1.025655436699250913e+02
1.025746618665408221e+02
1.025871456492371152e+02
1.026030052768524286e+02
1.026215081732002545e+02
1.026434074321440590e+02
1.026679704774972635e+02
1.026959504031233763e+02
1.027258717978108393e+02
1.027584859554044527e+02
1.027937941346493886e+02
1.028303101242221516e+02
1.028702618879242152e+02
1.029114203794071187e+02
1.029545278924223197e+02
1.029995838856963246e+02
1.030458449829306602e+02
1.030933106428518045e+02
1.031427231592112577e+02
1.031933391557105324e+02
1.032444152560511128e+02
1.032966937539844992e+02
1.033501741082371979e+02
1.034041129425106931e+02
1.034585097155315196e+02
1.035133638860261414e+02
1.035686749127210504e+02
1.036236994193177878e+02
1.036791796995678254e+02
1.037343723771726616e+02
1.037892769108588169e+02
1.038446355943777633e+02
1.038989622164059909e+02
1.039529990706950571e+02
1.040060027809464032e+02
1.040587156409115579e+02
1.041103942742919912e+02
1.041617809748392318e+02
1.042113895312297558e+02
1.042599622372150918e+02
1.043074985515217463e+02
1.043539979328761547e+02
1.043987170049798721e+02
1.044416552265594049e+02
1.044828120563412028e+02
1.045229297880768087e+02
1.045605222104426844e+02
1.045963316171903585e+02
1.046303574670463377e+02
1.046618563837120917e+02
1.046915706609391634e+02
1.047187569224289803e+02
1.047434146269080912e+02
1.047655432331029886e+02
1.047858850347652009e+02
1.048029538205711617e+02
1.048174918842724139e+02
1.048287558495704559e+02
1.048374880102167879e+02
1.048436865331709100e+02
1.048466015832993889e+02
1.048462248687268072e+02
1.048425480975777759e+02
1.048363058130018572e+02
1.048260040530736319e+02
1.048131201959676844e+02
1.047961602797586096e+02
1.047766016826209636e+02
1.047529504426293840e+02
1.047259411029334046e+02
1.046948225366326284e+02
1.046603292868766175e+02
1.046217102267649892e+02
1.045796998994473057e+02
1.045342900130481496e+02
1.044839866056421442e+02
1.044302670554038031e+02
1.043731230704577513e+02
1.043110606888785838e+02
1.042455572888408568e+02
1.041758617434441589e+02
1.041027085958380809e+02
1.040246038840972176e+02
1.039430249863961109e+02
1.038572207758343922e+02
1.037664401255116218e+02
1.036721604136023984e+02
1.035736305132062824e+02
1.034715849674728787e+02
1.033645298144767395e+02
1.032531995973674839e+02
1.031375860242696945e+02
1.030176808033079112e+02
1.028942184776317816e+02
1.027657050853158296e+02
1.026328751695096742e+02
1.024964632733628918e+02
1.023557182699750427e+02
1.022098890324457585e+02
1.020604529389495809e+02
1.019074016976111068e+02
1.017492413465049310e+02
1.015874492638056097e+02
1.014212743226127458e+02
1.012514510660759441e+02
1.010772283672947367e+02
1.008985979343937487e+02
1.007162943105225565e+02
1.005295663687807064e+02
1.003384055992673041e+02
1.001442882900292375e+02
9.994497633596287756e+01
9.974268864211458663e+01
9.953592993840578629e+01
9.932543345983282279e+01
9.911118960636707698e+01
9.889244594295495006e+01
9.867067853961778212e+01
9.844439212627696634e+01
9.821506277295389964e+01
9.798119520956993256e+01
9.774426550614646203e+01
9.750352122762986085e+01
9.725895277399149563e+01
9.701129338022776949e+01
9.675979061128502678e+01
9.650517770215967062e+01
9.624670221779807378e+01
9.598584022822160478e+01
9.572109646335164257e+01
9.545320415818457604e+01
9.518289654771677988e+01
9.490867836186961881e+01
9.463202567066450399e+01
9.435218603904776558e+01
9.406914986699082704e+01
9.378365038949000621e+01
9.349567800651675498e+01
9.320448028301740351e+01
9.291079045398834069e+01
9.261459891940094735e+01
9.231589607922660434e+01
9.201541516846168633e+01
9.171166091702755807e+01
9.140610939494561649e+01
9.109800816716222016e+01
9.078809046867375798e+01
9.047560386442661695e+01
9.016128158941718596e+01
8.984511404361680320e+01
8.952709162699684953e+01
8.920646190450374036e+01
8.888470094615881578e+01
8.856179915193348506e+01
8.823626125174909873e+01
8.791030615065206177e+01
8.758243857856372472e+01
8.725264893545548261e+01
8.692241329134871819e+01
8.659023949483965055e+01
8.625761920932397686e+01
8.592307587677221647e+01
8.558810427925494935e+01
8.525197069376768866e+01
8.491542706735600632e+01
8.457848251204040935e+01
8.424040330481646777e+01
8.390119855770471702e+01
8.356236305277569443e+01
8.322316306702497002e+01
8.288286487744804276e+01
8.254370610114048645e+01
8.220346734504782660e+01
8.186364339124061473e+01
8.152350051671440667e+01
8.118379066851473169e+01
8.084452295866212523e+01
8.050570649917716537e+01
8.016660756705535107e+01
7.982872094436724808e+01
7.949131290810838379e+01
7.915439257029932207e+01
7.881796904296059836e+01
7.848279427313774192e+01
7.814813453782632280e+01
7.781474178407188447e+01
7.748262512389491974e+01
7.715179366931603511e+01
7.682151369733072954e+01
7.649327999000956879e+01
7.616635882434809446e+01
7.584075931236682777e+01
7.551649056608634680e+01
7.519430453255216662e+01
7.487421032378483687e+01
7.455547421677992759e+01
7.423884815858292541e+01
7.392359842618941457e+01
7.361047696664493856e+01
7.330023572699502665e+01
7.299139814921022662e+01
7.268471618033608195e+01
7.238057034990565342e+01
7.207867263592945051e+01
7.177925500093552102e+01
7.148225227344192945e+01
7.118782213247420998e+01
7.089589940655041289e+01
7.060664177469607239e+01
