# d_a
0.000000000000000000e+00
4.214405033397219569e+01
8.329376288401500972e+01
1.234770603868968095e+02
1.627208238320257578e+02
2.010509428520065569e+02
2.384923631848631089e+02
2.750691314019854872e+02
3.108044370813968840e+02
3.457206525927512075e+02
3.798393706483142864e+02
4.131814397630177496e+02
4.457669977564682426e+02
4.776155034203258651e+02
5.087457664657846408e+02
5.391759758579119080e+02
5.689237266361864158e+02
5.980060453137880359e+02
6.264394139418706118e+02
6.542397929192635502e+02
6.814226426226272224e+02
7.080029439271429510e+02
7.339952176831525321e+02
7.594135432099368472e+02
7.842715758638050829e+02
8.085825637340026333e+02
8.323593635165161686e+02
8.556144556126766929e+02
8.783599584964800897e+02
9.006076423918192404e+02
9.223689422982329233e+02
9.436549704013870041e+02
9.644765279022930144e+02
9.848441162971689664e+02
1.004767948137915255e+03
1.024257957301372926e+03
1.043323808793824355e+03
1.061974908115629205e+03
1.080220410209403553e+03
1.098069228013762086e+03
1.115530040643350731e+03
1.132611301214690684e+03
1.149321244336209247e+03
1.165667893279771761e+03
1.181659066850037334e+03
1.197302385967009513e+03
1.212605279976299926e+03
1.227574992700766870e+03
1.242218588246453237e+03
1.256542956574987329e+03
1.270554818853955112e+03
1.284260732596097114e+03
1.297667096597584987e+03
1.310780155685061118e+03
1.323606005280603085e+03
1.336150595793265438e+03
1.348419736845373791e+03
1.360419101341324449e+03
1.372154229386198040e+03
1.383630532061117037e+03
1.394853295061916015e+03
1.405827682207318730e+03
1.416558738822506939e+03
1.427051395003661128e+03
1.437310468768735973e+03
1.447340669099481829e+03
1.457146598879458452e+03
1.466732757732531581e+03
1.476103544766127925e+03
1.485263261223293739e+03
1.494216113047402132e+03
1.502966213363160932e+03
1.511517584877385616e+03
1.519874162202833759e+03
1.528039794108230353e+03
1.536018245697455995e+03
1.543813200520739429e+03
1.551428262620535179e+03
1.558866958514652424e+03
1.566132739119078678e+03
1.573228981612816369e+03
1.580158991246941468e+03
1.586926003100005119e+03
1.593533183781775733e+03
1.599983633087237877e+03
1.606280385602690785e+03
1.612426412265675481e+03
1.618424621880398263e+03
1.624277862590253335e+03
1.629988923308948415e+03
1.635560535111694890e+03
1.640995372587847669e+03
1.646296055156323519e+03
1.651465148345064335e+03
1.656505165035770915e+03
1.661418566675056809e+03
1.666207764453151867e+03
1.670875120451213206e+03
1.675422948758273151e+03
1.679853516558803676e+03
