# d_l
0.000000000000000000e+00
4.299974526474053249e+01
8.669316143044964917e+01
1.310739043225460989e+02
1.761356208584798821e+02
2.218719516260895261e+02
2.682765334264988724e+02
3.153430017786664052e+02
3.630649933828092344e+02
4.114361485401336154e+02
4.604501135264383151e+02
5.101005429173059156e+02
5.603811018628143756e+02
6.112854683098222495e+02
6.628073351700443254e+02
7.149404124323460792e+02
7.676784292177904945e+02
8.210151357761791360e+02
8.749443054229434438e+02
9.294597364154501520e+02
9.845552537678831868e+02
1.040224711004066876e+03
1.096461991847672380e+03
1.153261011849474471e+03
1.210615719951383198e+03
1.268520099987146750e+03
1.326968172119739165e+03
1.385953994215575449e+03
1.445471663155772603e+03
1.505515316084844699e+03
1.566079131597275136e+03
1.627157330862507933e+03
1.688744178689036971e+03
1.750833984528300789e+03
1.813421103419200335e+03
1.876499936874140985e+03
1.940064933707524915e+03
2.004110590807741573e+03
2.068631453853718540e+03
2.133622117977154176e+03
2.199077228371612819e+03
2.264991480849702839e+03
2.331359622349574238e+03
2.398176451392032959e+03
2.465436818489583857e+03
2.533135626508714722e+03
2.601267830986808349e+03
2.669828440405015499e+03
2.738812516418488940e+03
2.808215174045355070e+03
2.878031581815800564e+03
2.948256961882683754e+03
3.018886590095045449e+03
3.089915796035879794e+03
3.161339963025572615e+03
3.233154528092346027e+03
3.305354981911040795e+03
3.377936868711607985e+03
3.450895786158595911e+03
3.524227385202910682e+03
3.597927369907182765e+03
3.671991497245930532e+03
3.746415576881767265e+03
3.821195470918894898e+03
3.896327093634991797e+03
3.971806411192701489e+03
4.047629441331829184e+03
4.123792253043327037e+03
4.200290966226154524e+03
4.277121751328052596e+03
4.354280828971212941e+03
4.431764469563855528e+03
4.509568992898646684e+03
4.587690767738867180e+03
4.666126211393247104e+03
4.744871789280296980e+03
4.823924014482975508e+03
4.903279447294530655e+03
4.982934694756204408e+03
5.062886410187623369e+03
5.143131292710565504e+03
5.223666086766749686e+03
5.304487581630371096e+03
5.385592610915981822e+03
5.466978052082289651e+03
5.548640825932527150e+03
5.630577896111901282e+03
5.712786268602618293e+03
5.795262991217075978e+03
5.878005153089632586e+03
5.961009884167417113e+03
6.044274354700673030e+03
6.127795774732971950e+03
6.211571393591721062e+03
6.295598499379393616e+03
6.379874418465712552e+03
6.464396514981236578e+03
6.549162190312602434e+03
6.634168882599717108e+03
6.719414066235214705e+03
