# d_m
0.000000000000000000e+00
4.256974781209312653e+01
8.497646516450015497e+01
1.272187894895300388e+02
1.692954025727136695e+02
2.112050308748351881e+02
2.529464458021275277e+02
2.945184639253582191e+02
3.359199471485804906e+02
3.771498028284558472e+02
4.182069838451137116e+02
4.590904886255752899e+02
4.997993611208885909e+02
5.403326907381464252e+02
5.806896122286228774e+02
6.208693055333530992e+02
6.608709955874892330e+02
7.006939520848425218e+02
7.403374892040289978e+02
7.798009652977081032e+02
8.190837825463902391e+02
8.581853865783550646e+02
8.971052660571864408e+02
9.358429522385080190e+02
9.743980184974548138e+02
1.012770079828447820e+03
1.050958792318833503e+03
1.088963852597952155e+03
1.126784997263161358e+03
1.164422002284372184e+03
1.201874682388606516e+03
1.239142890426063786e+03
1.276226516719195843e+03
1.313125488396225364e+03
1.349839768710532553e+03
1.386369356347312987e+03
1.422714284718851559e+03
1.458874621249753091e+03
1.494850466653417016e+03
1.530641954201001909e+03
1.566249248984098358e+03
1.601672547172289796e+03
1.636912075266722240e+03
1.671968089350783657e+03
1.706840874338942740e+03
1.741530743224741173e+03
1.776038036328924136e+03
1.810363120548606048e+03
1.844506388608370116e+03
1.878468258314122522e+03
1.912249171810498183e+03
1.945849594842571378e+03
1.979270016022579284e+03
2.012510946102316211e+03
2.045572917251841091e+03
2.078456482345079621e+03
2.111162214252858121e+03
2.143690705143905234e+03
2.176042565794273742e+03
2.208218424905621305e+03
2.240218928432774192e+03
2.272044738920919372e+03
2.303696534852763762e+03
2.335175010005991226e+03
2.366480872821252433e+03
2.397614845780959968e+03
2.428577664799097420e+03
2.459370078622224810e+03
2.489992848241852244e+03
2.520446746318316855e+03
2.550732556616272632e+03
2.580851073451892262e+03
2.610803101151847841e+03
2.640589453524115470e+03
2.670210953340644664e+03
2.699668431831892576e+03
2.728962728193226212e+03
2.758094689103173550e+03
2.787065168253469892e+03
2.815875025890868983e+03
2.844525128370647963e+03
2.873016347721712009e+03
2.901349561223241835e+03
2.929525650992759438e+03
2.957545503585500683e+03
2.985410009605001051e+03
3.013120063324747207e+03
3.040676562320748417e+03
3.068080407114922764e+03
3.095332500829114451e+03
3.122433748849599397e+03
3.149385058501929961e+03
3.176187338735937828e+03
3.202841499820730860e+03
3.229348453049533418e+03
3.255709110454151869e+03
3.281924384528935661e+03
3.307995187964018442e+03
3.333922433387675028e+03
3.359707033117607352e+03
