# d_v
0.000000000000000000e+00
4.254263572945930605e+01
8.486733284738549798e+01
1.269717315456877316e+02
1.688535551478817069e+02
2.105106109442734237e+02
2.519407909030919086e+02
2.931420722591856816e+02
3.341125179821357278e+02
3.748502771259178985e+02
4.153535850624701311e+02
4.556207636017294362e+02
4.956502210009451233e+02
5.354404518662307737e+02
5.749900369494996539e+02
6.142976428441003236e+02
6.533620215825911828e+02
6.921820101402271348e+02
7.307565298478300519e+02
7.690845857178259166e+02
8.071652656872789748e+02
8.449977397818502141e+02
8.825812592046097507e+02
9.199151553537134305e+02
9.569988387729312080e+02
9.938317980390418143e+02
1.030413598590092533e+03
1.066743881498512565e+03
1.102822362193016943e+03
1.138648829133221170e+03
1.174223142440823494e+03
1.209545232491137767e+03
1.244615098468721953e+03
1.279432806890740039e+03
1.313998490101628704e+03
1.348312344742542336e+03
1.382374630198954947e+03
1.416185667029698834e+03
1.449745835380615517e+03
1.483055573385876414e+03
1.516115375559926406e+03
1.548925791182892681e+03
1.581487422682168017e+03
1.613800924012778751e+03
1.645866999039016491e+03
1.677686399919690757e+03
1.709259925499259907e+03
1.740588419706941522e+03
1.771672769965833368e+03
1.802513905613911220e+03
1.833112796338683665e+03
1.863470450627169384e+03
1.893587914232730327e+03
1.923466268660202331e+03
1.953106629670655138e+03
1.982510145807006438e+03
2.011677996941602942e+03
2.040611392846810304e+03
2.069311571789526170e+03
2.097779799150458530e+03
2.126017366068921092e+03
2.154025588113805497e+03
2.181805803981298595e+03
2.209359374219880465e+03
2.236687679982986083e+03
2.263792121809717628e+03
2.290674118433885724e+03
2.317335105621591538e+03
2.343776535037526628e+03
2.369999873140079671e+03
2.396006600105304187e+03
2.421798208779741344e+03
2.447376203662046464e+03
2.472742099913318725e+03
2.497897422395997182e+03
2.522843704741139391e+03
2.547582488443870716e+03
2.572115321986750587e+03
2.596443759990774652e+03
2.620569362393699521e+03
2.644493693655364041e+03
2.668218321989626475e+03
2.691744818622555613e+03
2.715074757076463356e+03
2.738209712479352675e+03
2.761151260899358476e+03
2.783900978703726651e+03
2.806460441941860154e+03
2.828831225751977854e+03
2.851014903790890912e+03
2.873013047686414666e+03
2.894827226511922163e+03
2.916459006282539121e+03
2.937909949472473727e+03
2.959181614552993324e+03
2.980275555550517311e+03
3.001193321624344662e+03
3.021936456663497211e+03
3.042506498902178919e+03
3.062904980553349560e+03
