# f_ap
0.000000000000000000e+00
1.012033429059161667e-02
2.028005480501767974e-02
3.048026300518766329e-02
4.072205284828014915e-02
5.100651026346027933e-02
6.133471264780095827e-02
7.170772838166090957e-02
8.212661636371650087e-02
9.259242556580911387e-02
1.031061946077196367e-01
1.136689513519354156e-01
1.242817125184426108e-01
1.349454833195282422e-01
1.456612571145351198e-01
1.564300150844850357e-01
1.672527259264368904e-01
1.781303455674224379e-01
1.890638168977585853e-01
2.000540695235142885e-01
2.111020195378733311e-01
2.222085693111104654e-01
2.333746072988659992e-01
2.446010078683926448e-01
2.558886311424116156e-01
2.672383228602027705e-01
2.786509142555342877e-01
2.901272219510219186e-01
3.016680478684828914e-01
3.132741791548537824e-01
3.249463881232141360e-01
3.366854322084539830e-01
3.484920539371198500e-01
3.603669809109554811e-01
3.723109258036615410e-01
3.843245863703850795e-01
3.964086454694502604e-01
4.085637710958392455e-01
4.207906164259421766e-01
4.330898198730757098e-01
4.454620051532928726e-01
4.579077813610026859e-01
4.704277430539148819e-01
4.830224703468423142e-01
4.956925290138969320e-01
5.084384705986108033e-01
5.212608325315410962e-01
5.341601382549093779e-01
5.471368973538410785e-01
5.601916056937801258e-01
5.733247455636649725e-01
5.865367858244583399e-01
5.998281820626385485e-01
6.131993767482657454e-01
6.266507993972508794e-01
6.401828667374721560e-01
6.537959828783754812e-01
6.674905394837371553e-01
6.812669159472519720e-01
6.951254795706296452e-01
7.090665857439069075e-01
7.230905781276775190e-01
7.371977888369537490e-01
7.513885386264095301e-01
7.656631370767292832e-01
7.800218827818241607e-01
7.944650635366897751e-01
8.089929565256666066e-01
8.236058285109033594e-01
8.383039360208160984e-01
8.530875255383484346e-01
8.679568336888600077e-01
8.829120874274647424e-01
8.979535042256575617e-01
9.130812922570803458e-01
9.282956505822839155e-01
9.435967693323430439e-01
9.589848298912144742e-01
9.744600050767031618e-01
9.900224593199364875e-01
1.005672348843249964e+00
1.021409821836371634e+00
1.037235018630839667e+00
1.053148071872558544e+00
1.069149106692421247e+00
1.085238240874938143e+00
1.101415585024809296e+00
1.117681242731369373e+00
1.134035310730884705e+00
1.150477879066629683e+00
1.167009031246720285e+00
1.183628844399664315e+00
1.200337389427601487e+00
1.217134731157198502e+00
1.234020928488199775e+00
1.250996034539586077e+00
1.268060096793353297e+00
1.285213157235891579e+00
1.302455252496952376e+00
1.319786413986210993e+00
