# h
2.368305075906879814e-04
2.377353592805793675e-04
2.386549589437370078e-04
2.395893179575974655e-04
2.405384448097444507e-04
2.415023451486242464e-04
2.424810218356705988e-04
2.434744749987365043e-04
2.444827020867300295e-04
2.455056979253524680e-04
2.465434547738348022e-04
2.475959623825739453e-04
2.486632080515646789e-04
2.497451766895313345e-04
2.508418508736590937e-04
2.519532109098307428e-04
2.530792348932722801e-04
2.542198987695185259e-04
2.553751763956054930e-04
2.565450396014050589e-04
2.577294582510150406e-04
2.589284003041248750e-04
2.601418318772742884e-04
2.613697173049329102e-04
2.626120192003243399e-04
2.638686985159256586e-04
2.651397146035758680e-04
2.664250252741286401e-04
2.677245868565892033e-04
2.690383542566783352e-04
2.703662810147688749e-04
2.717083193631439028e-04
2.730644202825300779e-04
2.744345335578602155e-04
2.758186078332250444e-04
2.772165906659757083e-04
2.786284285799424257e-04
2.800540671177356440e-04
2.814934508921039915e-04
2.829465236363192665e-04
2.844132282535674844e-04
2.858935068653245689e-04
2.873873008586991782e-04
2.888945509327261324e-04
2.904151971435992735e-04
2.919491789488312368e-04
2.934964352503335199e-04
2.950569044364094754e-04
2.966305244226569767e-04
2.982172326917777194e-04
2.998169663322944063e-04
3.014296620761755443e-04
3.030552563353726241e-04
3.046936852372736934e-04
3.063448846590797222e-04
3.080087902611118350e-04
3.096853375190575979e-04
3.113744617551676350e-04
3.130760981684134166e-04
3.147901818636176033e-04
3.165166478795722327e-04
3.182554312161575976e-04
3.200064668604766138e-04
3.217696898120212673e-04
3.235450351068877269e-04
3.253324378410549786e-04
3.271318331927469832e-04
3.289431564438951628e-04
3.307663430007185641e-04
3.326013284134426225e-04
3.344480483951725201e-04
3.363064388399429291e-04
3.381764358399617595e-04
3.400579757020674807e-04
3.419509949634206170e-04
3.438554304064475229e-04
3.457712190730565503e-04
3.476982982781472620e-04
3.496366056224289539e-04
3.515860790045720135e-04
3.535466566327083774e-04
3.555182770353001163e-04
3.575008790713978305e-04
3.594944019403037102e-04
3.614987851906605650e-04
3.635139687289840071e-04
3.655398928276559485e-04
3.675764981323958926e-04
3.696237256692305653e-04
3.716815168509751666e-04
3.737498134832450015e-04
3.758285577700149968e-04
3.779176923187408765e-04
3.800171601450589068e-04
3.821269046770811259e-04
3.842468697592983629e-04
3.863769996561080156e-04
3.885172390549803539e-04
3.906675330692773373e-04
3.928278272407377146e-04
