# mu
-inf
3.316732941389267353e+01
3.468992420305836788e+01
3.558758118015840921e+01
3.622923597284853514e+01
3.673051201760570450e+01
3.714291342953381303e+01
3.749391598697438610e+01
3.779992188194265168e+01
3.807151222947499747e+01
3.831591292191738773e+01
3.853827892882888762e+01
3.874241740416890423e+01
3.893122035856717389e+01
3.910693653016563331e+01
3.927134923257021626e+01
3.942589668829346294e+01
3.957175581801791964e+01
3.970990204444122185e+01
3.984115290582020918e+01
3.996620046998438625e+01
4.008563583210676029e+01
4.019996790867273262e+01
4.030963805068563488e+01
4.041503154482556681e+01
4.051648676553153194e+01
4.061430253128322931e+01
4.070874407205022294e+01
4.080004791117931973e+01
4.088842589043385090e+01
4.097406851258084259e+01
4.105714773586431932e+01
4.113781932482820025e+01
4.121622483943655624e+01
4.129249332730478272e+01
4.136674277069671035e+01
4.143908132975146685e+01
4.150960841544799962e+01
4.157841561955707022e+01
4.164558752387413421e+01
4.171120240707384141e+01
4.177533286435590298e+01
4.183804635249239823e+01
4.189940567080878964e+01
4.195946938693582240e+01
4.201829221477878917e+01
4.207592535100497599e+01
4.213241677540108299e+01
4.218781151966389587e+01
4.224215190852866186e+01
4.229547777658714836e+01
4.234782666368323589e+01
4.239923399138072568e+01
4.244973322266584148e+01
4.249935600676374037e+01
4.254813231070703239e+01
4.259609053908772580e+01
4.264325764324659929e+01
4.268965922100154842e+01
4.273531960788429274e+01
4.278026196074124243e+01
4.282450833445505367e+01
4.286807975245720570e+01
4.291099627162722641e+01
4.295327704210819064e+01
4.299494036251090279e+01
4.303600373092848486e+01
4.307648389213899520e+01
4.311639688133415405e+01
4.315575806467820286e+01
4.319458217696990232e+01
4.323288335665372983e+01
4.327067517840238509e+01
4.330797068347102652e+01
4.334478240800484627e+01
4.338112240946422560e+01
4.341700229131693334e+01
4.345243322613257675e+01
4.348742597720299585e+01
4.352199091880058290e+01
4.355613805517721460e+01
4.358987703839720496e+01
4.362321718508989221e+01
4.365616749219999804e+01
4.368873665180763055e+01
4.372093306508352129e+01
4.375276485544013383e+01
4.378423988093389596e+01
4.381536574596981382e+01
4.384614981235548470e+01
4.387659920974779482e+01
4.390672084553246179e+01
4.393652141417324231e+01
4.396600740606506008e+01
4.399518511592269476e+01
4.402406065073422781e+01
4.405263993730640948e+01
4.408092872942723517e+01
4.410893261466888760e+01
4.413665702085297937e+01
